,frame,surface_area_mouth,mouth_open
0,00001,7.182222891177759e-05,0
1,00002,0.00010628766716802573,0
2,00003,0.00019433889194786502,0
3,00004,0.012540889765239704,0
4,00005,0.012428609730293694,0
5,00006,0.01461604278020534,0
6,00007,0.013903892886157898,0
7,00008,0.012069983626083136,0
8,00009,0.00034400878520379763,0
9,00010,0.0018723097871893302,0
10,00011,0.0005661310737963277,0
11,00012,0.00974030348034205,0
12,00013,0.009477799323462932,0
13,00014,0.014657301895407926,0
14,00015,0.014376954041539491,0
15,00016,0.014376954041539491,0
16,00017,0.010741084321121086,0
17,00018,0.010741084321121086,0
18,00019,0.001432545369482341,0
19,00020,0.002883651753483818,0
20,00021,6.131684018129135e-05,0
21,00022,0.005976374590389355,0
22,00023,0.005976374590389355,0
23,00024,0.0001968710112345562,0
24,00025,6.743315870583189e-05,0
25,00026,0.000214575071550982,0
26,00027,0.00454243763328499,0
27,00028,0.00454243763328499,0
28,00029,0.0032938887636957404,0
29,00030,0.0023766963773885763,0
30,00031,0.002257585728391298,0
31,00032,0.0009009661623418097,0
32,00033,0.0009009661623418097,0
33,00034,0.0006498573222621928,0
34,00035,0.0003823127367006407,0
35,00036,0.004748484552986376,0
36,00037,0.022830518046943915,0
37,00038,0.022830518046943915,0
38,00039,0.023312457601097236,0
39,00040,0.025139134588239465,0
40,00041,0.024491617168012958,0
41,00042,0.019934042457233403,0
42,00043,0.019934042457233403,0
43,00044,0.017209092857033426,0
44,00045,0.017209092857033426,0
45,00046,0.017312060585234157,0
46,00047,0.02016259930479425,0
47,00048,0.02016259930479425,0
48,00049,0.019166384768077194,1
49,00050,0.019166384768077194,1
50,00051,0.018468360326813205,1
51,00052,0.02290854944658527,1
52,00053,0.021450084850431317,1
53,00054,0.02519759733457505,1
54,00055,0.02519759733457505,1
55,00056,0.023056785395413115,1
56,00057,0.005631301177431602,1
57,00058,0.00013648188962811503,1
58,00059,0.0004761280425258363,1
59,00060,0.0004761280425258363,1
60,00061,0.0037646437680480815,1
61,00062,3.111885760631594e-05,1
62,00063,0.0020252363172454935,1
63,00064,0.0002645222303172545,1
64,00065,0.0002645222303172545,1
65,00066,6.00200286093866e-05,1
66,00067,0.004290324456702521,1
67,00068,0.017195629950713,1
68,00069,0.021744867190403916,1
69,00070,0.021744867190403916,1
70,00071,0.021002528436063095,1
71,00072,0.01536723530605233,1
72,00073,0.014011888088622193,1
73,00074,0.01768003237925342,1
74,00075,0.01768003237925342,1
75,00076,0.01105557932113932,1
76,00077,0.01105557932113932,1
77,00078,0.007988526037441268,1
78,00079,0.008697768671714456,1
79,00080,0.008697768671714456,1
80,00081,0.009969457754249511,1
81,00082,0.009969457754249511,1
82,00083,0.01415768720152144,1
83,00084,0.011108160710987747,0
84,00085,0.009595190241792118,0
85,00086,0.007459616446005235,0
86,00087,0.007459616446005235,0
87,00088,0.010995161965003497,0
88,00089,0.013306123107577505,0
89,00090,0.01397466503750433,1
90,00091,0.0022598242286866466,1
91,00092,0.0022598242286866466,1
92,00093,0.00191927972027095,1
93,00094,0.0018099530869974956,1
94,00095,0.004233929195740949,1
95,00096,0.003503667376230979,1
96,00097,0.003503667376230979,1
97,00098,0.0012487924745379075,1
98,00099,0.0006156865196915717,0
99,00100,0.0004939303517321747,0
100,00101,0.0028452669738552316,0
101,00102,0.0028452669738552316,0
102,00103,0.006307529270369372,0
103,00104,0.006307529270369372,0
104,00105,0.007531440204618711,0
105,00106,0.004468331419980487,0
106,00107,0.004468331419980487,0
107,00108,0.014749839590145974,0
108,00109,0.014749839590145974,0
109,00110,0.010917759502711455,0
110,00111,0.012668603988555738,0
111,00112,0.01390891633266822,0
112,00113,0.004490178916268128,0
113,00114,0.004490178916268128,0
114,00115,0.00015583647066641504,0
115,00116,5.2699943704936913e-05,0
116,00117,7.434421209939757e-05,0
117,00118,0.00019210914704625992,0
118,00119,0.00019210914704625992,0
119,00120,0.0001220122935903234,0
120,00121,0.006493722187505213,0
121,00122,0.015380407559143272,0
122,00123,0.013439676118147226,0
123,00124,0.013439676118147226,0
124,00125,0.012087185722620575,0
125,00126,0.01360045209342875,0
126,00127,0.015562947240677971,0
127,00128,0.01439957203961928,0
128,00129,0.01439957203961928,0
129,00130,0.014250640080684107,0
130,00131,0.008045024370393783,0
131,00132,0.005279315734277645,0
132,00133,9.30885180787655e-05,0
133,00134,9.30885180787655e-05,0
134,00135,0.005898219855697384,0
135,00136,0.005898219855697384,0
136,00137,0.009247524717800104,0
137,00138,0.014636923457412188,0
138,00139,0.014636923457412188,0
139,00140,0.014356852435606804,0
140,00141,0.014356852435606804,0
141,00142,0.008996006916398791,0
142,00143,0.009452971365141671,0
143,00144,0.012024229328922331,0
144,00145,0.015706369532336062,0
145,00146,0.015706369532336062,0
146,00147,0.01292565659716427,0
147,00148,0.0111271547982561,1
148,00149,0.011550957053689359,1
149,00150,0.006102636405810102,1
150,00151,0.006102636405810102,1
151,00152,8.51888238990739e-05,1
152,00153,0.0001593516939433215,0
153,00154,0.003815526926627122,0
154,00155,0.00043756041285103464,0
155,00156,0.00043756041285103464,0
156,00157,0.000503930172348177,0
157,00158,0.002186788906366033,0
158,00159,0.003313464541967015,0
159,00160,0.013940412410111236,0
160,00161,0.013940412410111236,0
161,00162,0.014307733719606475,0
162,00163,0.012308640287332473,0
163,00164,0.012131155628141599,0
164,00165,0.009860378065773112,0
165,00166,0.009860378065773112,0
166,00167,0.006700088484302036,0
167,00168,0.006700088484302036,0
168,00169,0.004388210257206815,0
169,00170,0.011779628080491378,0
170,00171,0.011779628080491378,0
171,00172,0.008989483517773955,0
172,00173,0.008989483517773955,0
173,00174,0.010082661248966396,0
174,00175,0.015346420673726158,0
175,00176,0.013116300551650362,0
176,00177,0.02140157432828893,0
177,00178,0.02140157432828893,0
178,00179,0.021287974357525385,0
179,00180,0.02064868674639353,0
180,00181,0.015170331146798333,0
181,00182,0.011754623230621597,1
182,00183,0.011754623230621597,1
183,00184,0.008271071406567465,1
184,00185,0.011447447109747877,1
185,00186,0.011942059869482158,1
186,00187,0.016605723207409717,1
187,00188,0.016605723207409717,1
188,00189,0.016354219828045302,1
189,00190,0.000136766194051674,1
190,00191,0.00018942948919509206,1
191,00192,0.0030384983500111318,1
192,00193,0.0030384983500111318,1
193,00194,0.00033371307945628814,1
194,00195,0.00033371307945628814,1
195,00196,0.005305880329021129,1
196,00197,0.01026504168717235,1
197,00198,0.01026504168717235,1
198,00199,0.007245629631849049,1
199,00200,0.007245629631849049,1
200,00201,0.004691200313972743,1
201,00202,0.00899299785407326,1
202,00203,0.008753440932736112,1
203,00204,0.004119679825452138,1
204,00205,0.004119679825452138,0
205,00206,0.005687572965048737,0
206,00207,0.0037182157203758948,0
207,00208,0.005886663613975607,0
208,00209,0.007203286466517689,0
209,00210,0.007203286466517689,0
210,00211,0.008354882743082825,0
211,00212,0.013479847737640327,0
212,00213,0.01574343138544343,0
213,00214,0.01794523994959274,0
214,00215,0.01794523994959274,0
215,00216,0.019132330780784024,0
216,00217,0.02033202049058147,0
217,00218,0.01967791863593149,0
218,00219,0.020571410792396883,0
219,00220,0.020571410792396883,0
220,00221,0.01956965401317845,0
221,00222,0.01800471123445746,1
222,00223,0.018110954819677616,1
223,00224,0.019296639572829122,1
224,00225,0.019296639572829122,1
225,00226,0.009996431909927495,1
226,00227,0.009996431909927495,1
227,00228,0.010553312346917032,1
228,00229,0.007304212242845942,1
229,00230,0.007304212242845942,1
230,00231,0.002349491459060715,1
231,00232,0.002349491459060715,1
232,00233,0.00032642171276897614,1
233,00234,0.00037075914530859677,1
234,00235,0.0006188390217971573,1
235,00236,0.00032973743366770947,1
236,00237,0.00032973743366770947,1
237,00238,0.0001382808067988961,1
238,00239,0.0024989674252502425,1
239,00240,0.0011857788403046854,1
240,00241,0.005798007681977246,1
241,00242,0.005798007681977246,1
242,00243,0.004824798273729947,0
243,00244,0.004186572177806269,0
244,00245,0.003885423067942817,0
245,00246,0.009123382170862726,0
246,00247,0.00746843860005697,0
247,00248,0.006172194390090979,0
248,00249,0.00025585741359446246,0
249,00250,0.00015792215738397175,0
250,00251,0.0005118275120885585,0
251,00252,0.0005118275120885585,0
252,00253,0.00020535144365574354,0
253,00254,0.019434626472117245,0
254,00255,0.025058885441174183,0
255,00256,0.027769465806182225,0
256,00257,0.027769465806182225,0
257,00258,0.022915305925118368,0
258,00259,0.022915305925118368,0
259,00260,0.013011584048881808,0
260,00261,0.007622302920527346,0
261,00262,0.007622302920527346,0
262,00263,7.19257387862271e-05,0
263,00264,7.19257387862271e-05,0
264,00265,5.5082810483497724e-05,0
265,00266,0.013736815564929117,0
266,00267,0.016138033261928975,0
267,00268,0.005029310770199302,0
268,00269,0.005029310770199302,0
269,00270,0.005365911716137539,0
270,00271,0.010730581358433078,0
271,00272,0.01003526072012928,0
272,00273,0.009539070386789028,0
273,00274,0.009539070386789028,0
274,00275,0.0035485552976766144,0
275,00276,0.0026873578363240114,0
276,00277,0.0026337581532498433,0
277,00278,6.376109867201052e-05,0
278,00279,6.376109867201052e-05,0
279,00280,0.0001761998251277319,0
280,00281,0.0016252348620469093,0
281,00282,0.0021370005910767986,0
282,00283,0.00011341398190634067,0
283,00284,0.00011341398190634067,0
284,00285,0.0013297055082350795,0
285,00286,0.0013297055082350795,0
286,00287,0.0005795187137138669,0
287,00288,0.005931356096954943,0
288,00289,0.005931356096954943,0
289,00290,0.00011810397800715577,0
290,00291,0.00011810397800715577,0
291,00292,6.104021933062143e-05,0
292,00293,0.009026780612765961,0
293,00294,0.016008957906220367,0
294,00295,0.014011041036633642,0
295,00296,0.014011041036633642,0
296,00297,0.012666642795874594,0
297,00298,0.006726461021383301,0
298,00299,0.004084134291720609,0
299,00300,0.008235699369850025,0
300,00301,0.008235699369850025,0
301,00302,0.009254241588772416,0
302,00303,0.009409183020729017,0
303,00304,0.00876281705099835,0
304,00305,0.012408694174898649,0
305,00306,0.012408694174898649,0
306,00307,0.010968168142396983,0
307,00308,0.009571588497551353,0
308,00309,0.009231754753909804,0
309,00310,0.014185957078622913,0
310,00311,0.014185957078622913,0
311,00312,0.01300205924812392,0
312,00313,0.01169999935640842,0
313,00314,0.011419495241502986,0
314,00315,0.015161284713446577,0
315,00316,0.015161284713446577,0
316,00317,0.01634660608572691,0
317,00318,0.01634660608572691,1
318,00319,0.016346330723583158,1
319,00320,0.01618712274007894,1
320,00321,0.01618712274007894,1
321,00322,0.01163920802872287,1
322,00323,0.01163920802872287,1
323,00324,0.006786975193138645,1
324,00325,7.685294406201137e-05,1
325,00326,7.516642077121105e-05,1
326,00327,0.018074874440582533,1
327,00328,0.018074874440582533,1
328,00329,0.026039542343994526,1
329,00330,0.025750188586506795,1
330,00331,0.025776309361370764,1
331,00332,0.024336475422341408,1
332,00333,0.024336475422341408,1
333,00334,0.02355102215888394,1
334,00335,0.022559427546054778,1
335,00336,0.01879950552031673,1
336,00337,0.018584590427590086,1
337,00338,0.018584590427590086,1
338,00339,0.017369972346651608,1
339,00340,0.01435230149478528,1
340,00341,0.014547307965293577,1
341,00342,0.01831438813586672,1
342,00343,0.01831438813586672,1
343,00344,0.022106812970359435,1
344,00345,0.020056733426723206,1
345,00346,0.01901081465177068,1
346,00347,0.021068890883612745,1
347,00348,0.021068890883612745,1
348,00349,0.013104861774726473,1
349,00350,0.013104861774726473,1
350,00351,0.013240879885596968,1
351,00352,0.01248595483802628,1
352,00353,0.01248595483802628,1
353,00354,0.012517231866061351,1
354,00355,0.012517231866061351,1
355,00356,0.01216675348760976,1
356,00357,0.011024289476422311,1
357,00358,0.008890115569512247,1
358,00359,0.01280334340153999,1
359,00360,0.01280334340153999,1
360,00361,0.017065422945819364,1
361,00362,0.013442438482615948,1
362,00363,0.01407776554313056,1
363,00364,0.01211542281639133,1
364,00365,0.01211542281639133,1
365,00366,0.009823621378908243,1
366,00367,0.010308409332285606,1
367,00368,0.0025739349717159854,1
368,00369,0.003050929958595461,1
369,00370,0.003050929958595461,1
370,00371,0.0037448695091981676,1
371,00372,0.0003252074723585352,1
372,00373,0.0025179842740037373,1
373,00374,0.003102709676781501,1
374,00375,0.003102709676781501,1
375,00376,0.0028814719593572846,0
376,00377,0.0028814719593572846,0
377,00378,0.004301211409172723,0
378,00379,0.007558215858719741,0
379,00380,0.007558215858719741,0
380,00381,0.009877213840234766,0
381,00382,0.009877213840234766,0
382,00383,0.008933418480652655,0
383,00384,0.007550965155290967,0
384,00385,0.008333298607978712,0
385,00386,0.009225732474615889,0
386,00387,0.009225732474615889,0
387,00388,0.014158793319483998,0
388,00389,0.011328870462770091,0
389,00390,0.012750910453311448,0
390,00391,0.010980458697180673,0
391,00392,0.010980458697180673,0
392,00393,0.008645783536382012,0
393,00394,0.008056389929826047,0
394,00395,0.004732418527802373,0
395,00396,0.003579631832612229,0
396,00397,0.003579631832612229,0
397,00398,0.004793401201535374,0
398,00399,0.00034701258071923036,0
399,00400,0.002710004650074538,0
400,00401,0.0022163612094283636,0
401,00402,0.0022163612094283636,0
402,00403,0.0008841093581857251,0
403,00404,0.0025926742015291993,0
404,00405,0.002161004158497626,0
405,00406,0.0022971083876086595,0
406,00407,0.0022971083876086595,0
407,00408,0.00164210315477753,0
408,00409,0.00164210315477753,0
409,00410,0.002869922255303692,0
410,00411,0.0033889289434032577,0
411,00412,0.0033889289434032577,0
412,00413,0.004627649420992697,0
413,00414,0.004627649420992697,0
414,00415,0.0023451338118647413,0
415,00416,0.003520569788364014,0
416,00417,0.002520107354923695,0
417,00418,0.0026766539783436016,0
418,00419,0.0026766539783436016,0
419,00420,0.001182604105776086,0
420,00421,0.0013859807981768668,0
421,00422,0.003576718811333812,0
422,00423,0.0012204139273706005,0
423,00424,0.0012204139273706005,0
424,00425,0.0007180986791253119,0
425,00426,0.0023165600944450304,0
426,00427,0.0025730121312683707,0
427,00428,0.001238622226084729,0
428,00429,0.001238622226084729,0
429,00430,0.00038720691717308853,0
430,00431,0.0010625398960781851,0
431,00432,0.0006515792303307677,0
432,00433,0.0030534132289794513,0
433,00434,0.0030534132289794513,0
434,00435,0.001470096597170567,0
435,00436,0.0021569724997254625,0
436,00437,0.0025497345349068112,0
437,00438,0.0028001623843474377,0
438,00439,0.0028001623843474377,0
439,00440,0.0021061183057051736,0
440,00441,0.0021061183057051736,0
441,00442,0.00021232444591667843,0
442,00443,0.00013538955811220887,0
443,00444,0.00013538955811220887,0
444,00445,0.0001606000686846798,0
445,00446,0.0001606000686846798,0
446,00447,0.0002897803486145989,0
447,00448,0.00012485237274706407,0
448,00449,0.00022150786346042395,0
449,00450,0.0002852300132252239,0
450,00451,0.00019958097004835196,0
451,00452,0.0009745393722964124,0
452,00453,0.0005611471106421462,0
453,00454,0.00033846663058589854,0
454,00455,0.00019413863828532385,0
455,00456,0.00019413863828532385,0
456,00457,0.0008725911997871094,0
457,00458,0.000731836408192521,0
458,00459,0.0009131080504118927,0
459,00460,0.0009131080504118927,0
460,00461,0.00013702402856363705,0
461,00462,0.0010393851573677892,0
462,00463,0.0015071329722600169,0
463,00464,0.0014811489163912839,0
464,00465,0.0014811489163912839,0
465,00466,0.0010469822856054023,0
466,00467,0.001863228967529551,0
467,00468,0.001387731751248289,0
468,00469,0.0014440180202592856,0
469,00470,0.0014440180202592856,0
470,00471,0.0006966110956803107,0
471,00472,0.001676322456819257,0
472,00473,0.0010693344542422878,0
473,00474,0.0016527272017414774,0
474,00475,0.0023666058325275685,0
475,00476,0.002123243515216977,0
476,00477,0.00030746980613649555,0
477,00478,0.0023339393144024,0
478,00479,0.0018804166696426705,0
479,00480,0.0007288208137454788,0
480,00481,0.0014945741974408122,0
481,00482,0.0009978802639132311,0
482,00483,0.002287522859458768,0
483,00484,0.00023140584521907925,0
484,00485,0.0018154471793412341,0
485,00486,0.00236592105095923,0
486,00487,0.0002581439057331991,0
487,00488,0.0011328397315173433,0
488,00489,0.0019060476904471102,0
489,00490,0.0001804319268003951,0
490,00491,0.0007356822495907522,0
491,00492,0.002017660815798905,0
492,00493,0.0029387587198668186,0
493,00494,0.0013016372494476514,0
494,00495,0.001730796016261138,0
495,00496,0.0017164179199458118,0
496,00497,0.00458266026216414,0
497,00498,0.00458266026216414,0
498,00499,0.003153717323106875,0
499,00500,0.003153717323106875,0
500,00501,0.0019982419293382847,0
501,00502,0.003410785221849899,0
502,00503,0.003410785221849899,0
503,00504,0.0013956417479050742,0
504,00505,0.0013956417479050742,0
505,00506,0.0022322431595167558,0
506,00507,0.0038401297099657228,0
507,00508,0.002725406795284435,0
508,00509,0.005156405707984035,0
509,00510,0.005156405707984035,0
510,00511,0.002581578297075282,0
511,00512,0.0026690419540953414,0
512,00513,0.0022625093692933973,0
513,00514,0.0027334397236771224,0
514,00515,0.0027334397236771224,0
515,00516,0.002972479059137889,0
516,00517,0.0023376256563576447,0
517,00518,0.0030518063995970124,0
518,00519,0.0024576106173119783,0
519,00520,0.0024576106173119783,0
520,00521,0.0013517372204923106,0
521,00522,0.002541901492532972,0
522,00523,0.004437803042161903,0
523,00524,0.0036538771692846694,0
524,00525,0.0036538771692846694,0
525,00526,0.0032100526683684905,0
526,00527,0.00269518836733873,0
527,00528,0.0031726938925284998,0
528,00529,0.002898838026334616,0
529,00530,0.002898838026334616,0
530,00531,0.004098363301252128,0
531,00532,0.004098363301252128,0
532,00533,0.0039550917674819885,0
533,00534,0.0041317992401923576,0
534,00535,0.0041317992401923576,0
535,00536,0.0034128010828409217,0
536,00537,0.0034128010828409217,0
537,00538,0.002867909407084035,0
538,00539,0.0027153415459348906,0
539,00540,0.0027485183488860088,0
540,00541,0.004256670184871858,0
541,00542,0.004256670184871858,0
542,00543,0.004849169767381589,0
543,00544,0.0036215078769101794,0
544,00545,0.0037274052706237626,0
545,00546,0.0046446195047176175,0
546,00547,0.0046446195047176175,0
547,00548,0.004946155718681844,0
548,00549,0.00379449197976367,0
549,00550,0.0036195801600378275,0
550,00551,0.004638768204493715,0
551,00552,0.004643408869142718,0
552,00553,0.004597499588818721,0
553,00554,0.003019576443891836,0
554,00555,0.004859091307007013,0
555,00556,0.004623237493182053,0
556,00557,0.004802438320774094,0
557,00558,0.004362887214716338,0
558,00559,0.004362887214716338,0
559,00560,0.005789017576927513,0
560,00561,0.0066823689059880564,0
561,00562,0.006413140227674141,0
562,00563,0.004934940619149231,0
563,00564,0.007380542714805927,0
564,00565,0.0070004618941768015,0
565,00566,0.005399055218921589,0
566,00567,0.006018960147919472,0
567,00568,0.0037873133928281177,0
568,00569,0.003803431174630667,0
569,00570,0.005847399155119781,0
570,00571,0.005085233631139552,0
571,00572,0.006339249032708771,0
572,00573,0.005798475536065162,0
573,00574,0.008298183496616929,0
574,00575,0.006090218343026699,0
575,00576,0.007356131897037876,0
576,00577,0.0066616171782278855,0
577,00578,0.008334604514288024,0
578,00579,0.007633769446991678,0
579,00580,0.005334178919959243,0
580,00581,0.005418315926882578,0
581,00582,0.004712557501870052,0
582,00583,0.006846386945775329,0
583,00584,0.006620293112121978,0
584,00585,0.006091239217389521,0
585,00586,0.006064603562141002,0
586,00587,0.004550972648502238,0
587,00588,0.007107661514664798,0
588,00589,0.007107661514664798,0
589,00590,0.004000188423209039,0
590,00591,0.0041887957762716255,0
591,00592,0.0041709189356158305,0
592,00593,0.004167999901174113,0
593,00594,0.004343154633442481,0
594,00595,0.004703162789039261,0
595,00596,0.003967754372185439,0
596,00597,0.003537356438012118,0
597,00598,0.004789024870396119,0
598,00599,0.004937544697476426,0
599,00600,0.004122617020501984,0
600,00601,0.003156523779563436,0
601,00602,0.003216018697228762,0
602,00603,0.003601382954731669,0
603,00604,0.006093814179570778,0
604,00605,0.006481282776123365,0
605,00606,0.006535623404485769,0
606,00607,0.0058253456696579775,0
607,00608,0.00477426326017838,0
608,00609,0.00568076608602297,0
609,00610,0.0059401436209878256,0
610,00611,0.005050509470040154,0
611,00612,0.005016930182729418,0
612,00613,0.0044456331520486,0
613,00614,0.003955925225671564,0
614,00615,0.005278853591110355,0
615,00616,0.004745022790993758,0
616,00617,0.004438074872221698,0
617,00618,0.004408065023617347,0
618,00619,0.005165100114753685,0
619,00620,0.004886234293733693,0
620,00621,0.004018377066373091,0
621,00622,0.004476272545167248,0
622,00623,0.005763287072757528,0
623,00624,0.0026809982485254125,0
624,00625,0.002530170300472534,0
625,00626,0.0034438552135513945,0
626,00627,0.003599379013772719,0
627,00628,0.0038876296347103434,0
628,00629,0.00389958660715628,0
629,00630,0.0057928619745091225,0
630,00631,0.005351572240360092,0
631,00632,0.005134153950910658,0
632,00633,0.004591389250995448,0
633,00634,0.004362809402316259,0
634,00635,0.004304976426561247,0
635,00636,0.005067847148293225,0
636,00637,0.006372282336679191,0
637,00638,0.006372282336679191,0
638,00639,0.006372282336679191,0
639,00640,0.0047841223615279205,0
640,00641,0.004694140717326434,0
641,00642,0.005212669992176622,0
642,00643,0.0052760532587265985,0
643,00644,0.005485397247047885,0
644,00645,0.013364146882145711,0
645,00646,0.016353827815752453,0
646,00647,0.014786558788626003,0
647,00648,0.014786558788626003,0
648,00649,0.014625694290897329,0
649,00650,0.014625694290897329,0
650,00651,0.015860171658211186,0
651,00652,0.01703128618591432,0
652,00653,0.01703128618591432,0
653,00654,0.015308767067925722,0
654,00655,0.015308767067925722,0
655,00656,0.01578440978969109,0
656,00657,0.015059371836401603,0
657,00658,0.014583377771176131,0
658,00659,0.013427504607358642,1
659,00660,0.013427504607358642,1
660,00661,0.013934884194810593,1
661,00662,0.013274721740445194,1
662,00663,0.01587500587174162,1
663,00664,0.01393037796700991,1
664,00665,0.01393037796700991,1
665,00666,0.011080596141235688,1
666,00667,0.013961191504001214,1
667,00668,0.018309731263772555,1
668,00669,0.015125700969569777,1
669,00670,0.015125700969569777,1
670,00671,0.012724297727240597,1
671,00672,0.012958914949963152,1
672,00673,0.014856986260713967,1
673,00674,0.010769510317113706,1
674,00675,0.010769510317113706,1
675,00676,0.012788708706978014,1
676,00677,0.013531427062286383,1
677,00678,0.01368652818360605,1
678,00679,0.012939945839101519,1
679,00680,0.012939945839101519,1
680,00681,0.015303321239740875,1
681,00682,0.015303321239740875,1
682,00683,0.015003101977612232,1
683,00684,0.01556334746184529,1
684,00685,0.01556334746184529,1
685,00686,0.01449765326092134,1
686,00687,0.01449765326092134,1
687,00688,0.014626905456089467,1
688,00689,0.01672628456876879,1
689,00690,0.015067824750934378,1
690,00691,0.01615819356575976,1
691,00692,0.01615819356575976,1
692,00693,0.012663033732441598,1
693,00694,0.01590357659784125,1
694,00695,0.014998023315797582,1
695,00696,0.015293519265629385,1
696,00697,0.015293519265629385,1
697,00698,0.0126288434715498,1
698,00699,0.015709856666735966,1
699,00700,0.014982730849963488,1
700,00701,0.01704051562285347,1
701,00702,0.01704051562285347,1
702,00703,0.01332896052560617,1
703,00704,0.012047942361790298,1
704,00705,0.015208776649013878,1
705,00706,0.015015555062298347,1
706,00707,0.015015555062298347,1
707,00708,0.015056121893557872,1
708,00709,0.013514225631355181,1
709,00710,0.01276762704252743,1
710,00711,0.012341716007180814,1
711,00712,0.012341716007180814,1
712,00713,0.015354154944827059,1
713,00714,0.015354154944827059,1
714,00715,0.018470313092304735,1
715,00716,0.015925300175501533,1
716,00717,0.015980554361266996,1
717,00718,0.014896423800220049,1
718,00719,0.014934337296638844,1
719,00720,0.015215324184835843,1
720,00721,0.015215324184835843,1
721,00722,0.015129059886191953,1
722,00723,0.015129059886191953,1
723,00724,0.013418856413264457,1
724,00725,0.013728566444368262,1
725,00726,0.013728566444368262,1
726,00727,0.013318924579904134,1
727,00728,0.013318924579904134,1
728,00729,0.013161118372631009,1
729,00730,0.013676307692149337,1
730,00731,0.015033693267082704,1
731,00732,0.013750355962700134,1
732,00733,0.013750355962700134,1
733,00734,0.013750183682999406,1
734,00735,0.012229606730468134,1
735,00736,0.01147861301406028,1
736,00737,0.011998091311835601,1
737,00738,0.011998091311835601,1
738,00739,0.012137810442913732,1
739,00740,0.010610277843650096,1
740,00741,0.014225257232926225,1
741,00742,0.01380989821497014,1
742,00743,0.01380989821497014,1
743,00744,0.010051200682025474,1
744,00745,0.013197028929945454,1
745,00746,0.013265795929949142,1
746,00747,0.01433722638067092,1
747,00748,0.01433722638067092,1
748,00749,0.01415199552828117,1
749,00750,0.01415199552828117,1
750,00751,0.013614193324966273,1
751,00752,0.013809835380516056,1
752,00753,0.013809835380516056,1
753,00754,0.013696588226488338,1
754,00755,0.013696588226488338,1
755,00756,0.014035234846134337,1
756,00757,0.013889716586278134,1
757,00758,0.013889716586278134,1
758,00759,0.012292372407059382,1
759,00760,0.012292372407059382,1
760,00761,0.01652693563666041,1
761,00762,0.0146147264722849,1
762,00763,0.014954014752253997,1
763,00764,0.014208614988198143,1
764,00765,0.014822686124070117,1
765,00766,0.014433980737342367,1
766,00767,0.014025960951576266,1
767,00768,0.01629583959651093,1
768,00769,0.016133847687590297,1
769,00770,0.014696432970324302,1
770,00771,0.015758562524534447,1
771,00772,0.01525837603022584,1
772,00773,0.014516761673554868,1
773,00774,0.014878344128175236,1
774,00775,0.012519556212480687,1
775,00776,0.015858703554221698,1
776,00777,0.014976058457723873,1
777,00778,0.014976058457723873,1
778,00779,0.014559930144145028,1
779,00780,0.015255349649687666,1
780,00781,0.014464359020958106,1
781,00782,0.012385192059610084,1
782,00783,0.012385192059610084,1
783,00784,0.01439354324106823,1
784,00785,0.010889261643856507,1
785,00786,0.01477659101791673,1
786,00787,0.014422499890865303,1
787,00788,0.014422499890865303,1
788,00789,0.008544351165204134,1
789,00790,0.013881298373991768,1
790,00791,0.01093425138000903,1
791,00792,0.014047922080972164,1
792,00793,0.014047922080972164,1
793,00794,0.007982018672363367,1
794,00795,0.0017363081039096784,1
795,00796,0.0017370283654569718,1
796,00797,0.012264969133767956,1
797,00798,0.013651355451139047,1
798,00799,0.013560761634867191,1
799,00800,0.009426424808149036,1
800,00801,0.01247880427505077,1
801,00802,0.011854712492030295,1
802,00803,0.012226672649244819,1
803,00804,0.013081934027941777,1
804,00805,0.013059525971607755,1
805,00806,0.01305149039098108,1
806,00807,0.016519190054363975,1
807,00808,0.013807556162326762,1
808,00809,0.013305695657052752,1
809,00810,0.013381157358634432,1
810,00811,0.014414253872645055,1
811,00812,0.012332356938599354,1
812,00813,0.012472517323075749,1
813,00814,0.011896622908889931,1
814,00815,0.01366569246697047,1
815,00816,0.011753542573962328,1
816,00817,0.011184093515743676,1
817,00818,0.011967781841684122,1
818,00819,0.010950077250932111,1
819,00820,0.010950077250932111,1
820,00821,0.010291859981942153,1
821,00822,0.011012541823583355,1
822,00823,0.014904677280912715,1
823,00824,0.012258426742824291,1
824,00825,0.012258426742824291,1
825,00826,0.012395208853252626,1
826,00827,0.012782688477893878,1
827,00828,0.013269644961099836,1
828,00829,0.013558071631888602,1
829,00830,0.013558071631888602,1
830,00831,0.012066067966815197,1
831,00832,0.012066067966815197,1
832,00833,0.012606244779008513,1
833,00834,0.011508905284809856,1
834,00835,0.011508905284809856,1
835,00836,0.011318510992560427,1
836,00837,0.011318510992560427,1
837,00838,0.007976380805829741,1
838,00839,0.008633809837788498,1
839,00840,0.006981833595391507,1
840,00841,0.007808843579243607,1
841,00842,0.007808843579243607,1
842,00843,0.009168110695211062,1
843,00844,0.006253313444840813,1
844,00845,0.005532579123196157,1
845,00846,0.007438530953181477,1
846,00847,0.007438530953181477,1
847,00848,0.00693470262953344,1
848,00849,0.0062665436696427435,1
849,00850,0.005713377929075669,0
850,00851,0.0035186608004549313,0
851,00852,0.0035186608004549313,0
852,00853,0.006759268763389059,0
853,00854,0.00714003951373865,0
854,00855,0.006932513541007879,0
855,00856,0.005212239858875201,0
856,00857,0.005212239858875201,0
857,00858,0.007245960675200891,0
858,00859,0.006150837717463276,0
859,00860,0.007982211280008755,0
860,00861,0.007160382360759776,0
861,00862,0.007160382360759776,0
862,00863,0.005635707189659556,0
863,00864,0.005635707189659556,0
864,00865,0.007942499121909918,0
865,00866,0.006716221049169135,0
866,00867,0.006716221049169135,0
867,00868,0.00662710409614764,0
868,00869,0.00662710409614764,0
869,00870,0.007267857288310253,0
870,00871,0.007932689079149569,0
871,00872,0.006552406600901506,0
872,00873,0.007775124886894247,0
873,00874,0.007775124886894247,0
874,00875,0.007447935535781269,0
875,00876,0.007422044774391345,0
876,00877,0.005499180213040411,0
877,00878,0.0058574094359826745,0
878,00879,0.0058574094359826745,0
879,00880,0.007899414204980637,0
880,00881,0.007534578000012893,0
881,00882,0.0063135810479080234,0
882,00883,0.007852354306690401,0
883,00884,0.007852354306690401,0
884,00885,0.007591160522171236,0
885,00886,0.008856383675502677,0
886,00887,0.004450903239360038,0
887,00888,0.006164964883575763,0
888,00889,0.006164964883575763,0
889,00890,0.005956645729292553,0
890,00891,0.005073774777496709,0
891,00892,0.005537907421154564,0
892,00893,0.009738929090910453,0
893,00894,0.009738929090910453,0
894,00895,0.010805266543759018,0
895,00896,0.010805266543759018,0
896,00897,0.00464610645018837,0
897,00898,0.007566600078039443,0
898,00899,0.007566600078039443,0
899,00900,0.009882910027938507,0
900,00901,0.009882910027938507,0
901,00902,0.009038616675943523,0
902,00903,0.009931438021611783,0
903,00904,0.008119137835293166,0
904,00905,0.00868020885765386,0
905,00906,0.00868020885765386,0
906,00907,0.009792259762193112,0
907,00908,0.01077411256580163,0
908,00909,0.009206698773318145,0
909,00910,0.009294713542362665,0
910,00911,0.009294713542362665,0
911,00912,0.00752340098230686,0
912,00913,0.009747640307995908,0
913,00914,0.008167221592108476,0
914,00915,0.008174640783150444,0
915,00916,0.008174640783150444,0
916,00917,0.009612491880312213,0
917,00918,0.00739855605610984,0
918,00919,0.008747576816706015,0
919,00920,0.008672283391030433,0
920,00921,0.008672283391030433,0
921,00922,0.00821226986893997,0
922,00923,0.00821226986893997,0
923,00924,0.008252305273144245,0
924,00925,0.007197976411513984,0
925,00926,0.007197976411513984,0
926,00927,0.010517030206588451,0
927,00928,0.010517030206588451,0
928,00929,0.01297627779333066,0
929,00930,0.009832782771677984,0
930,00931,0.008853999391636336,0
931,00932,0.012548853990781872,0
932,00933,0.012548853990781872,0
933,00934,0.009748741996915555,0
934,00935,0.011660040052819731,0
935,00936,0.008643379637426563,0
936,00937,0.008477018517117685,0
937,00938,0.008477018517117685,0
938,00939,0.007174718228908361,0
939,00940,0.00899786637718325,0
940,00941,0.00933978690824766,0
941,00942,0.010496938507156273,0
942,00943,0.010496938507156273,0
943,00944,0.008083344804147963,0
944,00945,0.00588893442145455,0
945,00946,0.009336907030802699,0
946,00947,0.009276560665907319,0
947,00948,0.009276560665907319,0
948,00949,0.009433551180966226,0
949,00950,0.008023428635919316,0
950,00951,0.006790859608858391,0
951,00952,0.006452141886431839,0
952,00953,0.006452141886431839,0
953,00954,0.006932528851969266,0
954,00955,0.006932528851969266,0
955,00956,0.007894048915709995,0
956,00957,0.006899224686993222,0
957,00958,0.006899224686993222,0
958,00959,0.008911829565504625,0
959,00960,0.008911829565504625,0
960,00961,0.011185283575251503,0
961,00962,0.009241067785391799,0
962,00963,0.009534009279831501,0
963,00964,0.01121504292497466,0
964,00965,0.01121504292497466,0
965,00966,0.009573930346655324,0
966,00967,0.012202968170186068,0
967,00968,0.010966335627006885,0
968,00969,0.011886528929076157,0
969,00970,0.011886528929076157,0
970,00971,0.01279609890051514,0
971,00972,0.01198413210777094,0
972,00973,0.01286133912154419,0
973,00974,0.010667350182124835,0
974,00975,0.010667350182124835,0
975,00976,0.010063121333608649,0
976,00977,0.010840675979449266,0
977,00978,0.01297836782136308,0
978,00979,0.008668251352399459,0
979,00980,0.008668251352399459,0
980,00981,0.01440509835122139,0
981,00982,0.01215808614489955,1
982,00987,0.0005603610955606797,0
983,00991,0.00011436430973610356,0
984,00992,0.010170602427157505,0
985,00995,0.01058370301923528,0
986,00996,0.01058370301923528,0
987,00997,0.00869454669836589,0
988,00998,0.00868862126073644,0
989,00999,0.00868862126073644,0
990,01000,0.006483386106942213,0
991,01001,0.006483386106942213,0
992,01002,0.00807498804035589,0
993,01003,0.006067672740690533,0
994,01004,0.009120635969811275,0
995,01005,0.010602070336768854,0
996,01006,0.010602070336768854,0
997,01007,0.010367016716924304,0
998,01008,0.009201961350031596,0
999,01009,0.008727309636499925,0
1000,01010,0.010434478975057004,0
1001,01011,0.010434478975057004,0
1002,01012,0.009435285600632781,0
1003,01013,0.009976325264814179,0
1004,01014,0.010716403430353516,0
1005,01015,0.010407397898706705,0
1006,01016,0.010407397898706705,0
1007,01017,0.00762163587942144,0
1008,01018,0.010773147820382967,0
1009,01019,0.009361538930053648,0
1010,01020,0.014823476018020365,0
1011,01021,0.014823476018020365,0
1012,01022,0.011722818465266904,0
1013,01023,0.011722818465266904,0
1014,01024,0.011462374967742939,0
1015,01025,0.01353728356243078,0
1016,01026,0.01353728356243078,0
1017,01027,0.013065218976744397,1
1018,01028,0.013065218976744397,1
1019,01029,0.014853594546190507,1
1020,01030,0.014219131808474117,1
1021,01031,0.014219131808474117,1
1022,01032,0.012418618892310107,1
1023,01033,0.012418398595468005,1
1024,01034,0.011997309565963121,1
1025,01035,0.010926602779099959,1
1026,01036,0.013178847667870919,1
1027,01037,0.015346194917589706,1
1028,01038,0.009757218556837977,1
1029,01039,0.014895897573353523,1
1030,01040,0.015347629202018709,1
1031,01041,0.010789922742656444,1
1032,01042,0.0035451273065030264,1
1033,01043,0.005165109987292915,1
1034,01044,0.005527379210327865,1
1035,01045,0.00022965174110378683,1
1036,01046,0.0015259067561999018,1
1037,01047,0.0006813543679582423,1
1038,01048,0.002033935243399121,1
1039,01049,0.00205460261375201,1
1040,01050,0.016144898634184557,1
1041,01051,0.018925214660773904,1
1042,01052,0.01968571367005456,1
1043,01053,0.01776713643644534,1
1044,01054,0.018679637902033974,1
1045,01055,0.011095341773462941,1
1046,01056,0.007572408230903882,1
1047,01057,0.0031603900731598245,1
1048,01058,0.0022214041064376744,1
1049,01059,0.0004640260139616714,0
1050,01060,0.0013752648580034332,0
1051,01061,0.0012297806935350764,0
1052,01062,0.0010846363572616369,0
1053,01063,0.001035131296307057,0
1054,01064,0.0031456323017264864,0
1055,01065,0.0036463931664147964,0
1056,01066,0.002458954967063498,0
1057,01067,0.002420713499422078,0
1058,01068,0.0021753000960629265,0
1059,01069,0.0015060554955788064,0
1060,01070,0.004957450010953046,0
1061,01071,0.004859967716299707,0
1062,01072,0.004786860261242865,0
1063,01073,0.009546533522582834,0
1064,01074,0.012116789771702052,0
1065,01075,0.01012433145324021,0
1066,01076,0.013397161623740494,0
1067,01077,0.01164357449462905,0
1068,01078,0.01164357449462905,0
1069,01079,0.014610317900197067,0
1070,01080,0.010372807621429558,0
1071,01081,0.012667422346762436,0
1072,01082,0.013244190207124973,0
1073,01083,0.007295034244519272,0
1074,01084,0.008720984142739141,0
1075,01085,0.014065581844112884,0
1076,01086,0.015022996076835327,0
1077,01087,0.013914312649855987,0
1078,01088,0.013914312649855987,0
1079,01089,0.01464388636523939,0
1080,01090,0.014840954069338608,0
1081,01091,0.014384113608961968,0
1082,01092,0.014533873104146444,0
1083,01093,0.012865442539546912,0
1084,01094,0.014095929256959572,0
1085,01095,0.015265645683085971,1
1086,01096,0.01564336535465305,1
1087,01097,0.016999784980450627,1
1088,01098,0.016985159974233,1
1089,01099,0.015603256409383981,1
1090,01100,0.017555197860440686,1
1091,01101,0.01705213274625894,1
1092,01102,0.017723316593198923,1
1093,01103,0.015975333769989497,1
1094,01104,0.01738486353747959,1
1095,01105,0.018378625866797726,1
1096,01106,0.017705865965282896,1
1097,01107,0.01758704023084423,1
1098,01108,0.015212829148788742,1
1099,01109,0.020174360256951296,1
1100,01110,0.0190824606785176,1
1101,01111,0.019781676804949022,1
1102,01112,0.021261333973487062,1
1103,01113,0.02209813008583339,1
1104,01114,0.0226680104311896,1
1105,01115,0.022377744508276898,1
1106,01116,0.021718603515357593,1
1107,01117,0.02201165332482713,1
1108,01118,0.02267107796235379,1
1109,01119,0.020954974756888234,1
1110,01120,0.019232491195105617,1
1111,01121,0.020206852268363384,1
1112,01122,0.023463499721360748,1
1113,01123,0.022370104857911244,1
1114,01124,0.023781349038299204,1
1115,01125,0.018407912606800636,1
1116,01126,0.011585295649133798,1
1117,01127,0.003317381437153877,1
1118,01128,0.00017894122340145202,1
1119,01129,0.007206566355848487,1
1120,01130,0.011674038856009261,1
1121,01131,0.013980514038784975,1
1122,01132,0.01716450092792421,1
1123,01133,0.016286664528806227,1
1124,01134,0.0161516762722016,1
1125,01135,0.015555319692929004,1
1126,01136,0.01903250358827524,1
1127,01137,0.01832482523479495,1
1128,01138,0.01792898976103352,1
1129,01139,7.995683920825059e-05,1
1130,01140,7.995683920825059e-05,1
1131,01141,0.0075889664993269434,1
1132,01142,0.0075889664993269434,1
1133,01143,0.014232001610232636,1
1134,01144,0.018323848582363134,1
1135,01145,0.017524190627374203,1
1136,01146,0.010259857885325907,1
1137,01147,0.010259857885325907,1
1138,01148,0.010994482095294522,1
1139,01149,0.002179025275165891,1
1140,01150,0.000969656678732278,1
1141,01151,0.0003986483642410832,1
1142,01152,0.0003986483642410832,1
1143,01153,0.00029566591807661524,1
1144,01154,0.009881105497908216,0
1145,01155,0.013690182989946287,0
1146,01156,0.014841652288103191,0
1147,01157,0.014841652288103191,1
1148,01158,0.013598378422896573,1
1149,01159,0.016664036918598413,1
1150,01160,0.014288341607955779,1
1151,01161,0.01719718918775559,1
1152,01162,0.01719718918775559,1
1153,01163,0.01521097985919262,1
1154,01164,0.02368688211038794,1
1155,01165,0.021269808889020858,1
1156,01166,0.022976122574120517,1
1157,01167,0.022976122574120517,1
1158,01168,0.024658512832802515,1
1159,01169,0.024658512832802515,1
1160,01170,0.020024273436600737,1
1161,01171,0.024754779906430713,1
1162,01172,0.024754779906430713,1
1163,01173,0.025851859048833248,1
1164,01174,0.025851859048833248,1
1165,01175,0.023459518245929623,1
1166,01176,0.02458967203782958,1
1167,01177,0.02418770162257111,1
1168,01178,0.01926535931959883,1
1169,01179,0.01926535931959883,1
1170,01180,0.01501649092595958,1
1171,01181,0.012444962316273234,1
1172,01182,0.013063667045365435,1
1173,01183,0.008388885586003703,1
1174,01184,0.008388885586003703,1
1175,01185,0.009893473673607822,1
1176,01186,0.01886876068285126,1
1177,01187,0.019754044216284683,1
1178,01188,0.022219667114457664,1
1179,01189,0.022219667114457664,1
1180,01190,0.01244707238105125,1
1181,01191,0.00010269300423626504,1
1182,01192,7.345372707590059e-05,1
1183,01193,0.006522705301780007,1
1184,01194,0.016676638197556493,1
1185,01195,0.01775555853971511,1
1186,01196,0.017845048532350027,1
1187,01197,0.01918702432574637,1
1188,01198,0.01918702432574637,1
1189,01199,0.017399323482540474,1
1190,01200,0.007843646702310636,1
1191,01201,0.01016596484792398,1
1192,01202,0.008914224000825755,1
1193,01203,0.008914224000825755,1
1194,01204,0.008624895041338121,1
1195,01205,0.008624895041338121,1
1196,01206,0.00013546300476274808,1
1197,01207,0.00011164165417376637,1
1198,01208,0.00011164165417376637,1
1199,01209,0.01489654874150581,1
1200,01210,0.01489654874150581,1
1201,01211,0.012252080834810108,1
1202,01212,0.010251754603215701,1
1203,01213,0.010251754603215701,1
1204,01214,0.0034155879382664622,1
1205,01215,0.0034155879382664622,1
1206,01216,0.002291104867887306,1
1207,01217,0.0005087617999288696,0
1208,01218,0.001088568468820661,0
1209,01219,0.001143036359497529,0
1210,01220,0.001143036359497529,0
1211,01221,0.0037888168903776887,0
1212,01222,0.005921255547857385,0
1213,01223,0.006308025091768421,0
1214,01224,0.004823921948029941,0
1215,01225,0.004823921948029941,0
1216,01226,0.00860983171940699,0
1217,01227,0.008556843773428469,0
1218,01228,0.00964292381121723,0
1219,01229,0.011730535958413668,0
1220,01230,0.011730535958413668,0
1221,01231,0.013425470712724596,0
1222,01232,0.014838476780679954,0
1223,01233,0.01823518831295523,0
1224,01234,0.010546457660721487,0
1225,01235,0.004523894602871614,0
1226,01236,0.0025249605580812684,0
1227,01237,0.005233091933046552,0
1228,01238,0.012564966842329106,0
1229,01239,0.015129941788673662,0
1230,01240,0.013100479175181867,0
1231,01241,0.01000707728410255,0
1232,01242,0.004178214425080817,0
1233,01243,0.011473241463606065,0
1234,01244,0.014586924212421692,0
1235,01245,0.013220403570717743,0
1236,01246,0.013360235183011326,0
1237,01247,0.008337364138617964,0
1238,01248,0.0015975261168073018,0
1239,01249,4.429738326194865e-05,0
1240,01250,0.00013683108748896444,0
1241,01251,7.841476723946528e-05,0
1242,01252,0.0001310816324124886,0
1243,01253,0.00025965602407040933,0
1244,01254,0.0002484390080335075,0
1245,01255,0.00029482945283376694,0
1246,01256,0.00035440030283773183,0
1247,01257,0.00022991469458144564,0
1248,01258,0.00022991469458144564,0
1249,01259,0.00023480848259804787,0
1250,01260,0.00023480848259804787,0
1251,01261,0.0002502207429788683,0
1252,01262,0.00021525678589018327,0
1253,01263,0.00021525678589018327,0
1254,01264,0.00030619021920497147,0
1255,01265,0.00030619021920497147,0
1256,01266,0.00014065674884466972,0
1257,01267,0.0002185185958945013,0
1258,01268,0.0003695160632908312,0
1259,01269,0.00028997922962137324,0
1260,01270,0.00028997922962137324,0
1261,01271,0.00010846448046919477,0
1262,01272,0.0020993366452648488,0
1263,01273,0.0018047923700690305,0
1264,01274,0.007509311366256988,0
1265,01275,0.007509311366256988,0
1266,01276,0.0078284357115459,0
1267,01277,0.007168947489453181,0
1268,01278,0.004233757340136535,0
1269,01279,0.0023912762228199824,0
1270,01280,0.0023912762228199824,0
1271,01281,0.002299922688937528,0
1272,01282,0.0011966345808067658,0
1273,01283,0.0035464850082247423,0
1274,01284,0.0025471589410424045,0
1275,01285,0.0025471589410424045,0
1276,01286,0.0019087813490754613,0
1277,01287,0.0019087813490754613,0
1278,01288,0.0022212016101299525,0
1279,01289,0.003296255380280222,0
1280,01290,0.003296255380280222,0
1281,01291,0.0005617704883240648,0
1282,01292,0.0005617704883240648,0
1283,01293,0.00019127065710389246,0
1284,01294,0.005886097673965196,0
1285,01295,0.004238587998981025,0
1286,01296,0.009097359166294616,0
1287,01297,0.009097359166294616,0
1288,01298,0.00990203605731299,0
1289,01299,0.005103818227363277,0
1290,01300,0.007063392704748317,0
1291,01301,0.0037217671356808424,0
1292,01302,0.0037217671356808424,0
1293,01303,0.004293562687565533,0
1294,01304,0.00622333572882372,0
1295,01305,0.008251966646002806,0
1296,01306,0.009347960640423203,0
1297,01307,0.009347960640423203,0
1298,01308,0.0065764995116275315,0
1299,01309,0.0021146435353518456,0
1300,01310,0.002018361479362518,0
1301,01311,0.010191430478236008,0
1302,01312,0.010191430478236008,0
1303,01313,0.0102045082650557,0
1304,01314,0.005669802022699066,0
1305,01315,0.0033580990425559065,0
1306,01316,0.0038069048780347003,0
1307,01317,0.0038069048780347003,0
1308,01318,9.066893259568332e-05,0
1309,01319,9.066893259568332e-05,0
1310,01320,0.004360960906268474,0
1311,01321,0.011282761366234517,0
1312,01322,0.011282761366234517,0
1313,01323,0.0025406802913430226,0
1314,01324,0.0025406802913430226,0
1315,01325,0.0015550546128366705,0
1316,01326,0.0025137727765294215,0
1317,01327,0.0035725729175810628,0
1318,01328,0.00802181743452568,0
1319,01329,0.00802181743452568,0
1320,01330,0.01047577995257054,0
1321,01331,0.011071514820184092,0
1322,01332,0.007187360162946632,0
1323,01333,9.715903866691633e-05,0
1324,01334,9.715903866691633e-05,0
1325,01335,0.00045144762134530225,0
1326,01336,0.0009167365225764001,0
1327,01337,0.000599166514940741,0
1328,01338,0.005156319997261072,0
1329,01339,0.005156319997261072,0
1330,01340,0.008793869589106329,0
1331,01341,0.008712497563418076,0
1332,01342,0.0100930751206052,0
1333,01343,0.008240468371144338,0
1334,01344,0.008240468371144338,0
1335,01345,0.007609679745811171,0
1336,01346,0.008343888043000902,0
1337,01347,0.008521413006716827,0
1338,01348,0.008371842190469714,0
1339,01349,0.008371842190469714,0
1340,01350,0.007431428436855292,0
1341,01351,0.007431428436855292,0
1342,01352,0.007349976917520706,0
1343,01353,0.008760353315283353,0
1344,01354,0.008760353315283353,0
1345,01355,0.007696271905232699,0
1346,01356,0.007696271905232699,0
1347,01357,0.006591263666479996,0
1348,01358,0.008498749499140423,0
1349,01359,0.007291713426428537,0
1350,01360,0.007962499912438581,0
1351,01361,0.007962499912438581,0
1352,01362,0.006110688671832065,0
1353,01363,0.0062394393186400166,0
1354,01364,0.007806297159747011,0
1355,01365,0.007061773941373417,0
1356,01366,0.007061773941373417,0
1357,01367,0.006571348408712652,0
1358,01368,0.007754655217442341,0
1359,01369,0.007203565666916489,0
1360,01370,0.007820966449464173,0
1361,01371,0.007820966449464173,0
1362,01372,0.006907139622478908,0
1363,01373,0.006576301534729545,0
1364,01374,0.00675580850550439,0
1365,01375,0.006684983955614676,0
1366,01376,0.006684983955614676,0
1367,01377,0.0051218030891933,0
1368,01378,0.0051218030891933,0
1369,01379,0.003680012860177051,0
1370,01380,0.003685535856869926,0
1371,01381,0.003685535856869926,0
1372,01382,0.004114759954135572,0
1373,01383,0.007020895043872599,0
1374,01384,0.004794352426730875,0
1375,01385,0.004972215007096992,0
1376,01386,0.004896697444197962,0
1377,01387,0.005493062563179052,0
1378,01388,0.005493062563179052,0
1379,01389,0.006141565680705341,0
1380,01390,0.005982719780369905,0
1381,01391,0.005989219711723948,0
1382,01392,0.005936046672921691,0
1383,01393,0.005936046672921691,0
1384,01394,0.005750547184085519,0
1385,01395,0.005669544848966979,0
1386,01396,0.00580794228759185,0
1387,01397,0.006401599007315184,0
1388,01398,0.006401599007315184,0
1389,01399,0.004426345371006946,0
1390,01400,0.005680055601255063,0
1391,01401,0.005366419184353433,0
1392,01402,0.00456026077862326,0
1393,01403,0.00456026077862326,0
1394,01404,0.004766174419262192,0
1395,01405,0.005495877649138947,0
1396,01406,0.004023413349974803,0
1397,01407,0.00492081905082653,0
1398,01408,0.00492081905082653,0
1399,01409,0.0046754602286700475,0
1400,01410,0.0046754602286700475,0
1401,01411,0.004754079258647792,0
1402,01412,0.004558675074825658,0
1403,01413,0.004558675074825658,0
1404,01414,0.004106186788848554,0
1405,01415,0.004106186788848554,0
1406,01416,0.005286093084843735,0
1407,01417,0.003787499330810462,0
1408,01418,0.004165631730416841,0
1409,01419,0.003905676130815827,0
1410,01420,0.003905676130815827,0
1411,01421,0.003970247482739886,0
1412,01422,0.003099919714686372,0
1413,01423,0.004079202034590779,0
1414,01424,0.005029120136437193,0
1415,01425,0.005029120136437193,0
1416,01426,0.006445423839099185,0
1417,01427,0.013530734290102764,0
1418,01428,0.02114886036036623,0
1419,01429,0.018133663626937135,0
1420,01430,0.018133663626937135,0
1421,01431,0.016789412672054915,0
1422,01432,0.018057286335999123,0
1423,01433,0.01589648036422986,0
1424,01434,0.019463664894635357,0
1425,01435,0.019463664894635357,0
1426,01436,0.019105796981724765,0
1427,01437,0.01745101893116008,0
1428,01438,0.019642362427670257,0
1429,01439,0.016662169680681238,1
1430,01440,0.016662169680681238,1
1431,01441,0.016450468121442796,1
1432,01442,0.016450468121442796,1
1433,01443,0.019297568918523744,1
1434,01444,0.017714710768829356,1
1435,01445,0.017714710768829356,1
1436,01446,0.020263141279292185,1
1437,01447,0.020263141279292185,1
1438,01448,0.016497681690703203,1
1439,01449,0.01823970850717238,1
1440,01450,0.014403754023681437,1
1441,01451,0.021319628158186887,1
1442,01452,0.021319628158186887,1
1443,01453,0.017494888118927854,1
1444,01454,0.019341895001140585,1
1445,01455,0.020387794237992196,1
1446,01456,0.019148451989866366,1
1447,01457,0.019148451989866366,1
1448,01458,0.021039295903801936,1
1449,01459,0.02110142588011321,1
1450,01460,0.019553497618516325,1
1451,01461,0.020544775681900163,1
1452,01462,0.020544775681900163,1
1453,01463,0.020348208484357144,1
1454,01464,0.018544578848748827,1
1455,01465,0.02111521642026659,1
1456,01466,0.021838644983950495,1
1457,01467,0.021838644983950495,1
1458,01468,0.018813718346709862,1
1459,01469,0.018813718346709862,1
1460,01470,0.01953500577710532,1
1461,01471,0.019470931926863777,1
1462,01472,0.019470931926863777,1
1463,01473,0.017907181017952745,1
1464,01474,0.017907181017952745,1
1465,01475,0.018537579553913552,1
1466,01476,0.020298515544267204,1
1467,01477,0.019059887837679312,1
1468,01478,0.01785937042500585,1
1469,01479,0.01785937042500585,1
1470,01480,0.018883309429971185,1
1471,01481,0.013356180583173227,1
1472,01482,0.0053057258363296,1
1473,01483,0.006285950008008356,1
1474,01484,0.006285950008008356,1
1475,01485,0.005730212118680633,1
1476,01486,0.0047545354028937226,1
1477,01487,0.0032307395695543306,1
1478,01488,0.0019739040820105913,1
1479,01489,0.0019739040820105913,1
1480,01490,0.0018762832075376323,1
1481,01491,0.007028439856909152,1
1482,01492,0.016208267018848588,1
1483,01493,0.016208267018848588,1
1484,01494,0.017091879221139195,1
1485,01495,0.02025156421748342,1
1486,01496,0.021238850725516123,1
1487,01497,0.018930052878128656,1
1488,01498,0.018930052878128656,1
1489,01499,0.018857297481114088,1
1490,01500,0.014373409252610436,1
1491,01501,0.012326581217661392,1
1492,01502,0.013779589888715194,1
1493,01503,0.013779589888715194,1
1494,01504,0.01477649379303525,1
1495,01505,0.015330247873075464,1
1496,01506,0.014880349299748019,1
1497,01507,0.01550446001564687,1
1498,01508,0.01550446001564687,1
1499,01509,0.014264030172539854,1
1500,01510,0.014264030172539854,1
1501,01511,0.01872759596442819,1
1502,01512,0.019522680982246854,1
1503,01513,0.019522680982246854,1
1504,01514,0.017278797636395282,1
1505,01515,0.017278797636395282,1
1506,01516,0.017964439086089357,1
1507,01517,0.01746555488604784,1
1508,01518,0.0135842205058605,1
1509,01519,0.016177335128423564,1
1510,01520,0.016177335128423564,1
1511,01521,0.006143985618016323,1
1512,01522,0.0004943327342195047,1
1513,01523,0.0012041383596512745,1
1514,01524,0.017051128963315065,1
1515,01525,0.017051128963315065,1
1516,01526,0.017100501637143495,1
1517,01527,0.012340637962322987,1
1518,01528,0.012824690740689704,1
1519,01529,0.011024774902443468,1
1520,01530,0.011024774902443468,1
1521,01531,0.012415948482645156,1
1522,01532,0.01351811609885889,1
1523,01533,0.014173395458910498,1
1524,01534,0.015227283046677975,1
1525,01535,0.015227283046677975,1
1526,01536,9.866668729774375e-05,1
1527,01537,0.00018296761064817701,1
1528,01538,0.0002506896706711004,1
1529,01539,0.010410043869672592,1
1530,01540,0.012014743242728443,1
1531,01541,0.012438966016119934,1
1532,01542,0.012938435498948131,1
1533,01543,0.011374091097515304,1
1534,01544,0.014745488739468904,1
1535,01545,0.015514649096172839,1
1536,01546,0.00030734034819346334,1
1537,01547,0.0003790287155673866,1
1538,01548,0.00019594037540748843,0
1539,01549,9.019855459246884e-05,0
1540,01550,0.009197938161950248,0
1541,01551,0.010383025043437577,0
1542,01552,0.009633986555661167,0
1543,01553,0.01007663299194217,0
1544,01554,0.01201618167271512,0
1545,01555,0.012236710980941368,0
1546,01556,0.010577327168915573,0
1547,01557,0.010577327168915573,0
1548,01558,0.009689468456071104,0
1549,01559,0.013582155910849991,0
1550,01560,0.012779511633778107,0
1551,01561,0.01502651114179887,0
1552,01562,0.01502651114179887,0
1553,01563,0.011542393424138986,0
1554,01564,0.013189725803263386,0
1555,01565,0.015032880156432782,0
1556,01566,0.0151741229235407,0
1557,01567,0.0151741229235407,1
1558,01568,0.013782586607550051,1
1559,01569,0.013782586607550051,1
1560,01570,0.01448964698925792,1
1561,01571,0.014106161866717315,1
1562,01572,0.014106161866717315,1
1563,01573,0.012597801864369984,1
1564,01574,0.012597801864369984,1
1565,01575,0.00971860527238011,1
1566,01576,0.009561146444340807,1
1567,01577,0.009561146444340807,1
1568,01578,0.005979867700707686,1
1569,01579,0.005979867700707686,1
1570,01580,0.004867584234115263,1
1571,01581,0.005035117381114063,1
1572,01582,0.005062149627652168,1
1573,01583,0.005502046555745821,1
1574,01584,0.005502046555745821,1
1575,01585,0.00785643690323834,1
1576,01586,0.0055715115407188875,1
1577,01587,0.008762126580561969,1
1578,01588,0.00499124762349723,1
1579,01589,0.00499124762349723,1
1580,01590,0.008360613227840652,0
1581,01591,0.007279539938566337,0
1582,01592,0.007037978264660794,0
1583,01593,0.007027548418187202,0
1584,01594,0.007027548418187202,0
1585,01595,0.008125115462276788,0
1586,01596,0.007555896981537913,0
1587,01597,0.007309479349618897,0
1588,01598,0.008417759697178617,0
1589,01599,0.008417759697178617,0
1590,01600,0.007130079079791685,0
1591,01601,0.007130079079791685,0
1592,01602,0.00847420438901203,0
1593,01603,0.0069292773478348835,0
1594,01604,0.008359992419585183,0
1595,01605,0.009137533225104022,0
1596,01606,0.007869480586025546,0
1597,01607,0.008995789315002334,0
1598,01608,0.009184587056764393,0
1599,01609,0.009719801326817823,0
1600,01610,0.008397336209188033,0
1601,01611,0.008450235600332867,0
1602,01612,0.008062684806994902,0
1603,01613,0.007088249336071328,0
1604,01614,0.006542529886662152,0
1605,01615,0.004670948595524749,0
1606,01616,0.005607742866986953,0
1607,01617,0.005655605469038427,0
1608,01618,0.005631280114417159,0
1609,01619,0.0037001651402794877,0
1610,01620,0.004642070390275421,0
1611,01621,0.005330852013520904,0
1612,01622,0.0053107283438160735,0
1613,01623,0.005667435644385321,0
1614,01624,0.005667435644385321,0
1615,01625,0.004409152154315699,0
1616,01626,0.004409152154315699,0
1617,01627,0.004409152154315699,0
1618,01628,0.005427038698457842,0
1619,01629,0.004318935641715704,0
1620,01630,0.005839728181752157,0
1621,01631,0.00456148370885856,0
1622,01632,0.006255050668401374,0
1623,01633,0.004214108031518116,0
1624,01634,0.004214108031518116,0
1625,01635,0.0036170271045667945,0
1626,01636,0.004255612498631933,0
1627,01637,0.0034651436505610533,0
1628,01638,0.005123384806206666,0
1629,01639,0.005123384806206666,0
1630,01640,0.004835831693533521,0
1631,01641,0.003974415864668401,0
1632,01642,0.004767154721418976,0
1633,01643,0.002761696135257452,0
1634,01644,0.002761696135257452,0
1635,01645,0.005111112530937767,0
1636,01646,0.005188327790268232,0
1637,01647,0.004203912698799606,0
1638,01648,0.006274478731969957,0
1639,01649,0.006274478731969957,0
1640,01650,0.006392212354777271,0
1641,01651,0.006392212354777271,0
1642,01652,0.0067777647151565645,0
1643,01653,0.01471596196205649,0
1644,01654,0.01471596196205649,0
1645,01655,0.019042126361862977,0
1646,01656,0.019042126361862977,0
1647,01657,0.019175352799144285,0
1648,01658,0.018009613718749762,0
1649,01659,0.018326673903979795,0
1650,01660,0.018525487894020642,0
1651,01661,0.018525487894020642,0
1652,01662,0.017383232243833646,0
1653,01663,0.01813264736726694,0
1654,01664,0.018253262368754797,0
1655,01665,0.020414886217279715,1
1656,01666,0.020414886217279715,1
1657,01667,0.02199545648451462,1
1658,01668,0.019179903712536195,1
1659,01669,0.018128536646615956,1
1660,01670,0.02026601260929084,1
1661,01671,0.02026601260929084,1
1662,01672,0.020052483902224694,1
1663,01673,0.020679917173556994,1
1664,01674,0.019321866061826398,1
1665,01675,0.019961600725006967,1
1666,01676,0.019961600725006967,1
1667,01677,0.01978917847731232,1
1668,01678,0.018856323868419622,1
1669,01679,0.01909389973401243,1
1670,01680,0.01789656155251418,1
1671,01681,0.01789656155251418,1
1672,01682,0.017648070340964495,1
1673,01683,0.017648070340964495,1
1674,01684,0.022039338862970936,1
1675,01685,0.021073590509276485,1
1676,01686,0.021073590509276485,1
1677,01687,0.016922137858515818,1
1678,01688,0.016922137858515818,1
1679,01689,0.01929747653637115,1
1680,01690,0.022487706245570394,1
1681,01691,0.02241430205757844,1
1682,01692,0.020027961539571315,1
1683,01693,0.020027961539571315,1
1684,01694,0.018423826691559064,1
1685,01695,0.01775913436258758,1
1686,01696,0.018878533232245864,1
1687,01697,0.018383591836189872,1
1688,01698,0.018383591836189872,1
1689,01699,0.021487407726687557,1
1690,01700,0.019938235467994225,1
1691,01701,0.019938235467994225,1
1692,01702,0.017821344147948892,1
1693,01703,0.017821344147948892,1
1694,01704,0.020367023152961572,1
1695,01705,0.019926747629847696,1
1696,01706,0.019862260000452103,1
1697,01707,0.01979780519737062,1
1698,01708,0.01979780519737062,1
1699,01709,0.01781266128108605,1
1700,01710,0.018366070473839535,1
1701,01711,0.018262967856879087,1
1702,01712,0.01780019702912483,1
1703,01713,0.01780019702912483,1
1704,01714,0.019419536905542323,1
1705,01715,0.019419536905542323,1
1706,01716,0.01953677839194512,1
1707,01717,0.019512832925549617,1
1708,01718,0.019512832925549617,1
1709,01719,0.019506363096532198,1
1710,01720,0.019506363096532198,1
1711,01721,0.01721090673614256,1
1712,01722,0.019805707997544886,1
1713,01723,0.019349752399107523,1
1714,01724,0.018530075687496428,1
1715,01725,0.018530075687496428,1
1716,01726,0.019477852138955143,1
1717,01727,0.017913612218276143,1
1718,01728,0.01910143622242355,1
1719,01729,0.017572409100774067,1
1720,01730,0.017572409100774067,1
1721,01731,0.017609053069874037,1
1722,01732,0.019205527622087715,1
1723,01733,0.020233217686486782,1
1724,01734,0.019840543578392378,1
1725,01735,0.019840543578392378,1
1726,01736,0.019729927628135968,1
1727,01737,0.021916541996553462,1
1728,01738,0.018334015935740133,1
1729,01739,0.019385811483289217,1
1730,01740,0.019385811483289217,1
1731,01741,0.016824902783032947,1
1732,01742,0.016824902783032947,1
1733,01743,0.01623021516851697,1
1734,01744,0.016082875598561586,1
1735,01745,0.016082875598561586,1
1736,01746,0.015722626339435664,1
1737,01747,0.015722626339435664,1
1738,01748,0.017571173945121643,1
1739,01749,0.021471595688488776,1
1740,01750,0.018264489908655257,1
1741,01751,0.020084609708412415,1
1742,01752,0.020084609708412415,1
1743,01753,0.018055659705894733,1
1744,01754,0.01744599421284576,1
1745,01755,0.016921099133447193,1
1746,01756,0.019036617466586137,1
1747,01757,0.019036617466586137,1
1748,01758,0.019595947831347438,1
1749,01759,0.018641563609535616,1
1750,01760,0.019859694589014154,1
1751,01761,0.01894589242993483,1
1752,01762,0.01894589242993483,1
1753,01763,0.020605946446104362,1
1754,01764,0.0194256988499939,1
1755,01765,0.017180366286599913,1
1756,01766,0.017528472082174673,1
1757,01767,0.017528472082174673,1
1758,01768,0.019004083105548908,1
1759,01769,0.01592895135107053,1
1760,01770,0.015771102979761586,1
1761,01771,0.01801874205115439,1
1762,01772,0.01801874205115439,1
1763,01773,0.018982173241444578,1
1764,01774,0.018982173241444578,1
1765,01775,0.018981604666286067,1
1766,01776,0.018553838441373927,1
1767,01777,0.018553838441373927,1
1768,01778,0.018308577135992543,1
1769,01779,0.018308577135992543,1
1770,01780,0.017568933567417844,1
1771,01781,0.019611618042738144,1
1772,01782,0.01663405007385066,1
1773,01783,0.016705374580469723,1
1774,01784,0.016705374580469723,1
1775,01785,0.017040850057945534,1
1776,01786,0.016890875010707518,1
1777,01787,0.017053797444058105,1
1778,01788,0.019412970517580952,1
1779,01789,0.019412970517580952,1
1780,01790,0.01996753562322162,1
1781,01791,0.020020495843426467,1
1782,01792,0.019548077765820793,1
1783,01793,0.019053161757703663,1
1784,01794,0.019053161757703663,1
1785,01795,0.018936728222938015,1
1786,01796,0.01792628419625064,1
1787,01797,0.01916503057984187,1
1788,01798,0.016510475161919835,1
1789,01799,0.016510475161919835,1
1790,01800,0.019130100742863476,1
1791,01801,0.017293580239371664,1
1792,01802,0.019188659891554494,1
1793,01803,0.015810586793064907,1
1794,01804,0.015810586793064907,1
1795,01805,0.01801554205185063,1
1796,01806,0.01801554205185063,1
1797,01807,0.015338155613521032,1
1798,01808,0.01203630077966178,1
1799,01809,0.01203630077966178,1
1800,01810,0.014362736467997017,1
1801,01811,0.014362736467997017,1
1802,01812,0.014182734224819527,1
1803,01813,0.01346978381978392,1
1804,01814,0.014638649151256011,1
1805,01815,0.012430906962493715,1
1806,01816,0.012249480916021405,1
1807,01817,0.013572501274837556,1
1808,01818,0.010938189521686681,1
1809,01819,0.015394502695656342,1
1810,01820,0.009072292642834157,1
1811,01821,0.008954092281200587,1
1812,01822,0.009158656505425355,1
1813,01823,0.013616314484690584,1
1814,01824,0.01444676900406261,1
1815,01825,0.013985068632397457,1
1816,01826,0.014410252922433031,1
1817,01827,0.0062854103755958235,1
1818,01828,0.011495505693534191,1
1819,01829,0.01601582820541836,1
1820,01830,0.00848580412643063,1
1821,01831,0.00848580412643063,1
1822,01832,0.010710745638127683,1
1823,01833,0.014573104062419517,1
1824,01834,0.012778536520235306,1
1825,01835,0.012461961717593617,1
1826,01836,0.005188439251461396,1
1827,01837,0.005995646558425882,1
1828,01838,0.005995646558425882,1
1829,01839,0.009060495770365051,1
1830,01840,0.011017938744196876,1
1831,01841,0.009139439688143902,1
1832,01842,0.011996412866213113,1
1833,01843,0.014435083128056192,1
1834,01844,0.01377247670301962,1
1835,01845,0.010244956544359418,1
1836,01846,0.004427786792641442,1
1837,01847,0.007524509430533399,1
1838,01848,0.008052843329539705,1
1839,01849,0.007534592430534559,1
1840,01850,0.013420595763783183,1
1841,01851,0.012042113396144138,1
1842,01852,0.010809726931326757,1
1843,01853,0.015105751534279399,1
1844,01854,0.005196775249246777,1
1845,01855,0.006393570059661791,0
1846,01856,0.013054657640668488,0
1847,01857,0.007897695882586042,0
1848,01858,0.007884560394831652,0
1849,01859,0.008034592996066792,0
1850,01860,0.015729506091362033,0
1851,01861,0.014910390733555268,1
1852,01862,0.016145905758645718,1
1853,01863,0.015333151926583355,1
1854,01864,0.016927023686173825,1
1855,01865,0.016537120660960802,1
1856,01866,0.016829960551195455,1
1857,01867,0.014518206335183415,1
1858,01868,0.015292693468443197,1
1859,01869,0.015242108833888324,1
1860,01870,0.012760965571879446,1
1861,01871,0.012391430755497979,1
1862,01872,0.014410592620235363,1
1863,01873,0.012314662467156623,1
1864,01874,0.012820308724461604,1
1865,01875,0.013584047344447292,1
1866,01876,0.010754331880188595,1
1867,01877,0.010789859278675706,1
1868,01878,0.014828647627293634,1
1869,01879,0.014369467208658726,1
1870,01880,0.014369467208658726,1
1871,01881,0.01316759035554771,1
1872,01882,0.013432020298623115,1
1873,01883,0.012602005106884029,1
1874,01884,0.013369636175371902,1
1875,01885,0.013369636175371902,1
1876,01886,0.005982098371904776,1
1877,01887,0.005947030373435247,1
1878,01888,0.011227076203384811,1
1879,01889,0.011066352277196323,1
1880,01890,0.011290149080281253,1
1881,01891,0.012741791370848965,1
1882,01892,0.007972650983986362,1
1883,01893,0.00491173556866098,1
1884,01894,0.00867319379713205,1
1885,01895,0.007421538633919589,1
1886,01896,0.010251343128336643,1
1887,01897,0.010321448666922528,1
1888,01898,0.011722898833047779,1
1889,01899,0.011133815157132076,1
1890,01900,0.009368669838953458,1
1891,01901,0.005777369564722079,1
1892,01902,0.006879667375607745,1
1893,01903,0.007111652601524021,1
1894,01904,0.0086108737498245,1
1895,01905,0.011223722948767723,1
1896,01906,0.007949032183977245,1
1897,01907,0.012656173559054906,1
1898,01908,0.011902777212372762,1
1899,01909,0.006408360844624816,0
1900,01910,0.006132584570321065,0
1901,01911,0.008661745507964724,0
1902,01912,0.009338265179851035,0
1903,01913,0.009685612374954466,0
1904,01914,0.009821546758922217,0
1905,01915,0.010040857888225396,0
1906,01916,0.010915514723079944,0
1907,01917,0.009247313633288456,0
1908,01918,0.010403652590305512,0
1909,01919,0.011581784700434916,0
1910,01920,0.008578458054542715,0
1911,01921,0.0028519566798932416,0
1912,01922,0.010690433738186123,0
1913,01923,0.01030717443502116,0
1914,01924,0.006515771254587577,0
1915,01925,0.011635767314420953,0
1916,01926,0.011308185380043412,0
1917,01927,0.010659026360813506,0
1918,01928,0.011525524386567731,0
1919,01929,0.01202743764689096,0
1920,01930,0.012297978463554848,0
1921,01931,0.009247288404064413,0
1922,01932,0.005401995016404371,0
1923,01933,0.0049746827706185215,0
1924,01934,0.004569801597165579,0
1925,01935,0.0020011513307887085,0
1926,01936,0.002154750105061609,0
1927,01937,0.0020159071055880773,0
1928,01938,0.003786639695715799,0
1929,01939,0.008969895623292423,0
1930,01940,0.00865131838282629,0
1931,01941,0.007429185406905958,0
1932,01942,0.010387345376767776,0
1933,01943,0.013773258976921277,0
1934,01944,0.009699795578091752,0
1935,01945,0.012238971822312372,0
1936,01946,0.004570840695686584,0
1937,01947,0.0032591617179553722,0
1938,01948,0.00295826053078585,0
1939,01949,0.0008002020174693314,0
1940,01950,0.00016229470944928437,0
1941,01951,0.007776472972726545,0
1942,01952,0.010809875503143829,0
1943,01953,0.012684698095990043,0
1944,01954,0.009844458252611155,0
1945,01955,0.0036023764950954273,0
1946,01956,0.0024556456018069994,0
1947,01957,0.0018532694578308195,0
1948,01958,0.001580536087997686,0
1949,01959,0.004575151267190769,0
1950,01960,0.008946426146780873,0
1951,01961,0.001351695677907827,0
1952,01962,0.006008731740511308,0
1953,01963,0.006733965661583241,0
1954,01964,0.00552844602156366,0
1955,01965,0.0026366722048569713,0
1956,01966,0.001856266892887426,0
1957,01967,0.0018616033606759785,0
1958,01968,0.0011489276355920452,0
1959,01969,0.0033477296443846782,0
1960,01970,0.002415363339638432,0
1961,01971,0.004057320314014845,0
1962,01972,0.004136905694271498,0
1963,01973,0.0028769902281702286,0
1964,01974,0.0017824193457132154,0
1965,01975,0.0006884133777642631,0
1966,01976,0.0008966357175834716,0
1967,01977,0.0023617013079730853,0
1968,01978,0.0015697142230077787,0
1969,01979,0.003276680729725534,0
1970,01980,0.003871740554560965,0
1971,01981,0.0021377547149850074,0
1972,01982,0.0021290787552938895,0
1973,01983,0.002376937001141499,0
1974,01984,0.0022393968235556727,0
1975,01985,0.0011941834413340402,0
1976,01986,0.0014878434038108068,0
1977,01987,0.004016619202289462,0
1978,01988,0.0036228981081958267,0
1979,01989,0.013411513483975845,0
1980,01990,0.013411513483975845,0
1981,01991,0.009143863775441297,0
1982,01992,0.01226265890614453,0
1983,01993,0.014340186507658892,0
1984,01994,0.015079999998342863,0
1985,01995,0.015079999998342863,0
1986,01996,0.015315453571527193,0
1987,01997,0.015315453571527193,0
1988,01998,0.014973879669754275,0
1989,01999,0.017221223855236722,0
1990,02000,0.017221223855236722,0
1991,02001,0.012976881672433827,0
1992,02002,0.012976881672433827,0
1993,02003,0.013611675241458343,0
1994,02004,0.007830358831075301,0
1995,02005,0.00652520597002848,0
1996,02006,0.009248065392039706,0
1997,02007,0.009248065392039706,0
1998,02008,0.0073881941661513295,0
1999,02009,0.007697798720115223,0
2000,02010,0.008144175137861254,0
2001,02011,0.005276726603169024,0
2002,02012,0.005276726603169024,0
2003,02013,0.0036688597185703387,0
2004,02014,0.007594798788511881,0
2005,02015,0.010713733837577344,1
2006,02016,0.013705267396885823,1
2007,02017,0.013705267396885823,1
2008,02018,0.014101867385267752,1
2009,02019,0.009552312484980341,1
2010,02020,0.009057598514344178,1
2011,02021,0.007459249633434695,1
2012,02022,0.007459249633434695,1
2013,02023,0.013123308965455216,1
2014,02024,0.013123308965455216,1
2015,02025,0.01612849120713733,1
2016,02026,0.013707367428278161,1
2017,02027,0.013707367428278161,1
2018,02028,0.005542509812232588,1
2019,02029,0.005542509812232588,0
2020,02030,0.0026999010559256575,0
2021,02031,0.0020370724108751403,0
2022,02032,0.0020370724108751403,0
2023,02033,0.0007442092873324313,0
2024,02034,0.0007442092873324313,0
2025,02035,0.003029973950482656,0
2026,02036,0.0008758569949067763,0
2027,02037,0.0011077207212135676,0
2028,02038,0.0012685552200668582,0
2029,02039,0.0012685552200668582,0
2030,02040,0.002311597009685862,0
2031,02041,0.003309926972529631,0
2032,02042,0.0038113266450512384,0
2033,02043,0.006540746109322981,0
2034,02044,0.006540746109322981,0
2035,02045,0.010087503012487176,0
2036,02046,0.008527989161599692,0
2037,02047,0.008700259932871823,0
2038,02048,0.0090262930112317,0
2039,02049,0.0090262930112317,0
2040,02050,0.009361484763755534,0
2041,02051,0.00892773491128196,0
2042,02052,0.006580227300733377,0
2043,02053,0.006139832116356381,0
2044,02054,0.006139832116356381,0
2045,02055,0.00020107455140117025,0
2046,02056,0.00020107455140117025,0
2047,02057,0.00017111197155816882,0
2048,02058,0.00032512582554211633,0
2049,02059,0.00032512582554211633,0
2050,02060,0.01748088911631207,0
2051,02061,0.01748088911631207,0
2052,02062,0.01738134405756142,0
2053,02063,0.01478958971583122,0
2054,02064,0.014278487207429968,0
2055,02065,0.01572146722686707,0
2056,02066,0.01572146722686707,0
2057,02067,0.014513657261900903,0
2058,02068,0.020469004598614227,0
2059,02069,0.02039211355783621,0
2060,02070,0.014025471055940208,0
2061,02071,0.014025471055940208,0
2062,02072,0.01805908573133319,1
2063,02073,0.004577422903788708,1
2064,02074,0.004763521003672722,1
2065,02075,0.010092382365186836,1
2066,02076,0.010092382365186836,1
2067,02077,0.00856174433791157,1
2068,02078,0.01153420340963418,1
2069,02079,0.00900668280170347,1
2070,02080,0.008821643931394618,1
2071,02081,0.008821643931394618,1
2072,02082,0.008886150846945995,1
2073,02083,0.008438032527034345,1
2074,02084,0.004467971868015397,1
2075,02085,0.005474552530871257,1
2076,02086,0.005474552530871257,1
2077,02087,0.004398117109835731,1
2078,02088,0.004398117109835731,1
2079,02089,0.0072484041431426505,1
2080,02090,0.007570510610731773,1
2081,02091,0.007570510610731773,1
2082,02092,0.008311185909492202,1
2083,02093,0.008311185909492202,0
2084,02094,0.008710517999999112,0
2085,02095,0.00798611406052796,0
2086,02096,0.007739069298057899,0
2087,02097,0.006838113439708415,0
2088,02098,0.006838113439708415,0
2089,02099,0.00700144342366027,0
2090,02100,0.009662330447379297,0
2091,02101,0.008618384887890684,0
2092,02102,0.007175028139216444,0
2093,02103,0.007175028139216444,0
2094,02104,0.008678256626165393,0
2095,02105,0.01049916153373065,0
2096,02106,0.0096614703762965,0
2097,02107,0.009055760945299696,0
2098,02108,0.009055760945299696,0
2099,02109,0.00928937364267135,0
2100,02110,0.009063115010095935,0
2101,02111,0.008128594515279808,0
2102,02112,0.008861708508073995,0
2103,02113,0.010122681451724347,0
2104,02114,0.009192263822138003,0
2105,02115,0.010604481581321323,0
2106,02116,0.007903482249004945,0
2107,02117,0.009797265952424361,0
2108,02118,0.008506158836950384,0
2109,02119,0.012166298586405944,0
2110,02120,0.010199978406848054,0
2111,02121,0.010136161027356927,0
2112,02122,0.010010929391191858,0
2113,02123,0.007469564948695329,0
2114,02124,0.0060580434790136195,0
2115,02125,0.010097832077690327,0
2116,02126,0.010097832077690327,0
2117,02127,0.006326479203811353,0
2118,02128,0.009358153927013113,0
2119,02129,0.009225618206058606,0
2120,02130,0.006325613775798544,0
2121,02131,0.006325613775798544,0
2122,02132,0.0062786543555226615,0
2123,02133,0.0065464276297309,0
2124,02134,0.006355827445899465,0
2125,02135,0.007589388241955319,0
2126,02136,0.007589388241955319,0
2127,02137,0.007840198820550981,0
2128,02138,0.007840198820550981,0
2129,02139,0.008005135055263679,0
2130,02140,0.007974862852204723,0
2131,02141,0.007974862852204723,0
2132,02142,0.009372479275234546,0
2133,02143,0.009372479275234546,0
2134,02144,0.009528785296986086,0
2135,02145,0.007522484865210899,0
2136,02146,0.007705860815979015,0
2137,02147,0.010733457230721832,0
2138,02148,0.009267174473407636,0
2139,02149,0.009476613319239213,0
2140,02150,0.009530953052240498,0
2141,02151,0.0073462470404663804,0
2142,02152,0.008822059541465421,0
2143,02153,0.007801167620568705,0
2144,02154,0.005972512308185962,0
2145,02155,0.00882135015041463,0
2146,02156,0.00872464222655811,0
2147,02157,0.009718105353766049,0
2148,02158,0.008982477934392996,0
2149,02159,0.009028783540002472,0
2150,02160,0.006747936739492033,0
2151,02161,0.00926068560135107,0
2152,02162,0.009291665154623097,0
2153,02163,0.009291665154623097,0
2154,02164,0.008293800596386625,0
2155,02165,0.010012805685586379,0
2156,02166,0.009517961115195206,0
2157,02167,0.007802374425365244,0
2158,02168,0.00855402427719465,0
2159,02169,0.0077706466958602505,0
2160,02170,0.010296780672206296,0
2161,02171,0.010192096096408143,0
2162,02172,0.01008658930474482,0
2163,02173,0.009713736064500544,0
2164,02174,0.007859242257582721,0
2165,02175,0.007859242257582721,0
2166,02176,0.007857698395615564,0
2167,02177,0.009243840373982515,0
2168,02178,0.009120213942693134,0
2169,02179,0.010331779919827255,0
2170,02180,0.011196958411891167,0
2171,02181,0.010164782355877477,0
2172,02182,0.010164782355877477,0
2173,02183,0.011810885916676561,0
2174,02184,0.012515816104248678,0
2175,02185,0.011517620379569493,0
2176,02186,0.012193217393104305,0
2177,02187,0.010277932008015966,0
2178,02188,0.011333274356225331,0
2179,02189,0.008317924413586475,0
2180,02190,0.007728523403311094,0
2181,02191,0.008475188284394974,0
2182,02192,0.008335751649768852,0
2183,02193,0.010827745309282655,0
2184,02194,0.008893333322042452,0
2185,02195,0.009163532174488509,0
2186,02196,0.008541038517591915,0
2187,02197,0.008728736466809828,0
2188,02198,0.008599144092279687,0
2189,02199,0.008923232919942237,0
2190,02200,0.008515906145712293,0
2191,02201,0.009940288667510622,0
2192,02202,0.010547658719410435,0
2193,02203,0.01299251259185219,0
2194,02204,0.010161808539304928,0
2195,02205,0.009771186011338528,0
2196,02206,0.00850958478434638,0
2197,02207,0.008132632531220096,0
2198,02208,0.0080559627213459,0
2199,02209,0.009576998610916654,0
2200,02210,0.008615532819761462,0
2201,02211,0.00848095699319984,0
2202,02212,0.010164419146876824,0
2203,02213,0.009834579591855075,0
2204,02214,0.01004494711648185,0
2205,02215,0.009408979842731036,0
2206,02216,0.008637674497804504,0
2207,02217,0.008448497091619878,0
2208,02218,0.0110821268107415,0
2209,02219,0.009808867007837563,0
2210,02220,0.008467645506438082,0
2211,02221,0.011070237809945205,0
2212,02222,0.011070237809945205,0
2213,02223,0.010236672662973234,0
2214,02224,0.011177209652486475,0
2215,02225,0.010689703895944369,0
2216,02226,0.009905048644723635,0
2217,02227,0.009905048644723635,0
2218,02228,0.01121023617314254,0
2219,02229,0.01121023617314254,0
2220,02230,0.010861728413821936,0
2221,02231,0.01116302859231677,0
2222,02232,0.01116302859231677,0
2223,02233,0.010623270978164179,0
2224,02234,0.010623270978164179,0
2225,02235,0.010488676428081156,0
2226,02236,0.01087018563991915,0
2227,02237,0.010504712275948513,0
2228,02238,0.010022214937699836,1
2229,02239,0.010022214937699836,1
2230,02240,0.009341735184668742,1
2231,02241,0.00977529319013204,1
2232,02242,0.009674664896532015,1
2233,02243,0.009591849292457155,1
2234,02244,0.009591849292457155,1
2235,02245,0.010039788178683118,1
2236,02246,0.010182991561419996,1
2237,02247,0.010569681063426373,1
2238,02248,0.007250811622108166,1
2239,02249,0.007250811622108166,0
2240,02250,0.00794736257343942,0
2241,02251,0.009384144894926116,0
2242,02252,0.009788531314953275,0
2243,02253,0.009124332285252557,0
2244,02254,0.009124332285252557,0
2245,02255,0.008560440475275044,0
2246,02256,0.006915188372432546,0
2247,02257,0.006332962704853173,0
2248,02258,0.008751447534375068,0
2249,02259,0.008751447534375068,0
2250,02260,0.00853702898610198,0
2251,02261,0.00853702898610198,0
2252,02262,0.007201130362774144,0
2253,02263,0.008835836478805703,0
2254,02264,0.008835836478805703,0
2255,02265,0.00835963485579505,0
2256,02266,0.00835963485579505,0
2257,02267,0.009465818316408026,0
2258,02268,0.00958776978881648,0
2259,02269,0.009672628254363325,0
2260,02270,0.008922391765501914,0
2261,02271,0.009877357943291365,0
2262,02272,0.007899154473522074,0
2263,02273,0.007565565342646963,0
2264,02274,0.004577762511114969,0
2265,02275,0.006053319038545446,0
2266,02276,0.006053319038545446,0
2267,02277,0.006718692348648858,0
2268,02278,0.0075933680473774245,0
2269,02279,0.00842200516052305,0
2270,02280,0.006397260094128221,0
2271,02281,0.008234707013085263,0
2272,02282,0.006810332113444062,0
2273,02283,0.00888669064276737,0
2274,02284,0.00709881729277928,0
2275,02285,0.00812774171751407,0
2276,02286,0.00812774171751407,0
2277,02287,0.007877598139084618,0
2278,02288,0.007479352710961784,0
2279,02289,0.007493067150162069,0
2280,02290,0.008624484898920315,0
2281,02291,0.009133560038511845,0
2282,02292,0.006879225419666568,0
2283,02293,0.007277067103985679,0
2284,02294,0.006384483929297247,0
2285,02295,0.006153837931495154,0
2286,02296,0.00572819775105593,0
2287,02297,0.007590897023676213,0
2288,02298,0.007590897023676213,0
2289,02299,0.007180546694772971,0
2290,02300,0.006442848013572089,0
2291,02301,0.006394438549905956,0
2292,02302,0.009131437194919378,0
2293,02303,0.009131437194919378,0
2294,02304,0.0071194780356780285,0
2295,02305,0.008918964461315682,0
2296,02306,0.00855221989883681,0
2297,02307,0.008697896413304207,0
2298,02308,0.0032048759342986344,0
2299,02309,0.0053844231660118425,0
2300,02310,0.004370745301513601,0
2301,02311,0.004696660529283747,0
2302,02312,0.0025760645758214906,0
2303,02313,0.0001990422257449609,0
2304,02314,0.00015530478505443313,0
2305,02315,9.61147990423683e-05,0
2306,02316,8.692393805365128e-05,0
2307,02317,3.714665576648457e-05,0
2308,02318,6.550544970007621e-05,0
2309,02319,2.2649790486717336e-05,0
2310,02320,2.7886972419288725e-05,0
2311,02321,3.138209808284387e-05,0
2312,02322,0.00026405274522112165,0
2313,02323,0.00020665968150357372,0
2314,02324,0.00024444255868605325,0
2315,02325,0.00018071818255194216,0
2316,02326,0.0002781826895361661,0
2317,02327,5.123535798468026e-05,0
2318,02328,5.0576825609383036e-05,0
2319,02329,0.00011662704617698694,0
2320,02330,0.00017838169974027096,0
2321,02331,0.00011680578894956994,0
2322,02332,3.99967204591789e-05,0
2323,02333,0.00012168385781308189,0
2324,02334,5.234823114630416e-05,0
2325,02335,5.234823114630416e-05,0
2326,02336,0.00019974912768105924,0
2327,02337,0.0005707439702868911,0
2328,02338,0.0006053539890960025,0
2329,02339,0.0006344718582038666,0
2330,02340,5.5685649439141116e-05,0
2331,02341,0.00013321024675860826,0
2332,02342,3.598649738112414e-05,0
2333,02343,3.835018448228311e-05,0
2334,02344,0.00010051921292131283,0
2335,02345,4.0490093851985876e-05,0
2336,02346,1.8211400656831245e-05,0
2337,02347,0.00013793213400248305,0
2338,02348,0.00016397415426361306,0
2339,02349,0.0001557257593916006,0
2340,02350,0.0001433434756492602,0
2341,02351,3.619724442494032e-05,0
2342,02352,0.0003729864014374584,0
2343,02353,6.485163248903802e-05,0
2344,02354,3.1498828539255896e-05,0
2345,02355,5.8985750604811926e-05,0
2346,02356,3.596931392291225e-05,0
2347,02357,2.7247174026356902e-05,0
2348,02358,4.5481994646046076e-05,0
2349,02359,7.25911324677142e-05,0
2350,02360,4.475630490397009e-05,0
2351,02361,0.00014434951741026936,0
2352,02362,0.00011351896793598826,0
2353,02363,3.548026177480068e-05,0
2354,02364,6.712265426767061e-05,0
2355,02365,3.6459899379615024e-05,0
2356,02366,3.870932201710531e-05,0
2357,02367,3.292819384537182e-05,0
2358,02368,6.212635220492757e-05,0
2359,02369,3.917500416417141e-05,0
2360,02370,6.882419767606507e-05,0
2361,02371,0.0014805158695061493,0
2362,02372,0.0002986545133563112,0
2363,02373,0.00014541880634055815,0
2364,02374,0.002730572528935049,0
2365,02375,0.002832912805749821,0
2366,02376,0.003672712299130687,0
2367,02377,0.004267803487146615,0
2368,02378,0.004053764136778604,0
2369,02379,0.003920154893926053,0
2370,02380,0.003905947507591989,0
2371,02381,0.004436085468237039,0
2372,02382,0.00413341867841055,0
2373,02383,0.0031981723007907803,0
2374,02384,0.003437841074950043,0
2375,02385,0.0014729510487834219,0
2376,02386,0.003684598879626577,0
2377,02387,0.0033638104526581003,0
2378,02388,0.003412442446393271,0
2379,02389,0.004396797155401089,0
2380,02390,0.005369166746883813,0
2381,02391,0.004434797642461241,0
2382,02392,0.0028156790225155603,0
2383,02393,0.004790580750483109,0
2384,02394,0.0030578340583113928,0
2385,02395,0.0030675353651448134,0
2386,02396,0.004390999428149911,0
2387,02397,0.0038060565094149013,0
2388,02398,0.00511720142849903,0
2389,02399,0.00511720142849903,0
2390,02400,0.003714387560255439,0
2391,02401,0.006254040536773253,0
2392,02402,0.005421952247377071,0
2393,02403,0.004075697538583611,0
2394,02404,0.004075697538583611,0
2395,02405,0.004061777226518792,0
2396,02406,0.004664528770269349,0
2397,02407,0.005080037294864503,0
2398,02408,0.004907772296469659,0
2399,02409,0.004907772296469659,0
2400,02410,0.004463887988435111,0
2401,02411,0.004463887988435111,0
2402,02412,0.005419199798149421,0
2403,02413,0.006548404342366254,0
2404,02414,0.006548404342366254,0
2405,02415,0.004587246872371331,0
2406,02416,0.004587246872371331,0
2407,02417,0.004551484709848452,0
2408,02418,0.004048435676142326,0
2409,02419,0.004279143049190637,0
2410,02420,0.006096126020491255,0
2411,02421,0.006096126020491255,0
2412,02422,0.004981895245559365,0
2413,02423,0.005042282949165866,0
2414,02424,0.005137170840756156,0
2415,02425,0.004779212022738122,0
2416,02426,0.004779212022738122,0
2417,02427,0.005220760380789002,0
2418,02428,0.005109002509152916,0
2419,02429,0.005503840872203902,0
2420,02430,0.006345342889964911,0
2421,02431,0.006345342889964911,0
2422,02432,0.007300656160365904,0
2423,02433,0.00591298015931585,0
2424,02434,0.006325336198687026,0
2425,02435,0.006737910256707558,0
2426,02436,0.006737910256707558,0
2427,02437,0.006569990634741174,0
2428,02438,0.006976676646110569,0
2429,02439,0.005925116748508152,0
2430,02440,0.005159561881915131,0
2431,02441,0.005159561881915131,0
2432,02442,0.005605117537198723,0
2433,02443,0.005498206055898791,0
2434,02444,0.005986475377013356,0
2435,02445,0.00618784074392309,0
2436,02446,0.005407454892916164,0
2437,02447,0.0050193368926336746,0
2438,02448,0.006337663950404249,0
2439,02449,0.007402927577465412,0
2440,02450,0.004997961458661493,0
2441,02451,0.0049166896510337565,0
2442,02452,0.005378879883745746,0
2443,02453,0.00550112043329154,0
2444,02454,0.006037570830756955,0
2445,02455,0.00472502420253651,0
2446,02456,0.005074904981841932,0
2447,02457,0.005213269367603246,0
2448,02458,0.006051987938803016,0
2449,02459,0.005381752447995325,0
2450,02460,0.004819686704769843,0
2451,02461,0.006688531263988828,0
2452,02462,7.657416020823149e-05,0
2453,02463,7.657416020823149e-05,0
2454,02464,0.0002759562789318437,0
2455,02465,0.006819363040174942,0
2456,02466,0.005308668049831766,0
2457,02467,0.0004804091998895643,0
2458,02468,0.000621751540304416,0
2459,02469,0.006645755712345824,0
2460,02470,0.006075300643995973,0
2461,02471,0.0058950984148467,0
2462,02472,0.005396361341550637,0
2463,02473,0.005156410193032812,0
2464,02474,0.005783337036139535,0
2465,02475,0.0050228978320143725,0
2466,02476,0.00114340029423321,0
2467,02477,0.0006907765488248785,0
2468,02478,0.0053164531149292316,0
2469,02479,0.005286934547454436,0
2470,02480,0.005272637376103617,0
2471,02481,0.005232591531767916,0
2472,02482,0.005290948609379953,0
2473,02483,0.0036938077203005903,0
2474,02484,0.004038961090227389,0
2475,02485,0.004026075837815668,0
2476,02486,0.00577225226924849,0
2477,02487,0.003722766645408271,0
2478,02488,0.0033464281933657247,0
2479,02489,0.004797059498456768,0
2480,02490,0.0034752341842532175,0
2481,02491,0.0036748249997264892,0
2482,02492,0.0031984296771048193,0
2483,02493,0.004309428492651257,0
2484,02494,0.004785035142250038,0
2485,02495,0.004181763554043094,0
2486,02496,0.00446478684468854,0
2487,02497,0.004557729480943351,0
2488,02498,0.004453068018276163,0
2489,02499,0.0032075036091940845,0
2490,02500,0.0032075036091940845,0
2491,02501,0.0037448507244519647,0
2492,02502,0.004261815219556375,0
2493,02503,0.004359843122080598,0
2494,02504,0.005088074894900707,0
2495,02505,0.0052608887763305745,0
2496,02506,0.006479025069833,0
2497,02507,0.006479025069833,0
2498,02508,0.0039510245519656095,0
2499,02509,0.0073098956180812635,0
2500,02510,0.005105313586078353,0
2501,02511,0.007446591253287949,0
2502,02512,0.00806044854329091,0
2503,02513,0.00735560260502055,0
2504,02514,0.0072186242855210025,0
2505,02515,0.008181768879945928,0
2506,02516,0.008577887095119863,0
2507,02517,0.008696626703346588,0
2508,02518,0.00800496569548148,0
2509,02519,0.007526303961814307,0
2510,02520,0.006289795180848934,0
2511,02521,0.0065466306589856416,0
2512,02522,0.006600040904394255,0
2513,02523,0.006173133545331666,0
2514,02524,0.005183243420394668,0
2515,02525,0.007150050129853369,0
2516,02526,0.006069157944557091,0
2517,02527,0.008114788715133159,0
2518,02528,0.007952843299563916,0
2519,02529,0.006208596087848406,0
2520,02530,0.006176317731582337,0
2521,02531,0.00701270209035787,0
2522,02532,0.00701270209035787,0
2523,02533,0.007703481525488165,0
2524,02534,0.0061686578176844975,0
2525,02535,0.0061215308428943516,0
2526,02536,0.007790671256501902,0
2527,02537,0.007633074271470086,0
2528,02538,0.007329090666125637,0
2529,02539,0.007513946722469633,0
2530,02540,0.009389080407989248,0
2531,02541,0.008092465541957417,0
2532,02542,0.00951294380114831,0
2533,02543,0.008787422323298877,0
2534,02544,0.009307442773922148,0
2535,02545,0.008165884545954682,0
2536,02546,0.008333754977109642,0
2537,02547,0.009631147992315903,0
2538,02548,0.008394083954625486,0
2539,02549,0.007171761235383656,0
2540,02550,0.006902362801135986,0
2541,02551,0.008067079218957218,0
2542,02552,0.009544637199838668,0
2543,02553,0.009232035472674482,0
2544,02554,0.006772075666618527,0
2545,02555,0.006736961146326159,0
2546,02556,0.008893374819331612,0
2547,02557,0.008773412393871638,0
2548,02558,0.00939310417978323,0
2549,02559,0.006948436365245669,0
2550,02560,0.008242976841450478,0
2551,02561,0.008954917413330321,0
2552,02562,0.007826680555169219,0
2553,02563,0.009046439973655396,0
2554,02564,0.010220248591127579,0
2555,02565,0.005750792905467428,0
2556,02566,0.0057258784023188625,0
2557,02567,0.007608141117477096,0
2558,02568,0.008276760930575833,0
2559,02569,0.007838158624906555,0
2560,02570,0.008675940189287523,0
2561,02571,0.010861014420410875,0
2562,02572,0.008271880784464614,0
2563,02573,0.009851809935130795,0
2564,02574,0.01088743046802687,0
2565,02575,0.011404733897736108,0
2566,02576,0.011463548674209179,0
2567,02577,0.010790909192171405,0
2568,02578,0.00973618993993508,0
2569,02579,0.01125054904075462,0
2570,02580,0.011214170723641281,0
2571,02581,0.011775930151770808,0
2572,02582,0.010518734703950372,0
2573,02583,0.011316509443244804,0
2574,02584,0.011442470583193476,0
2575,02585,0.011668715750592362,0
2576,02586,0.011668715750592362,0
2577,02587,0.011170013613825525,0
2578,02588,0.010085075078847261,0
2579,02589,0.011358484358456877,0
2580,02590,0.009919381371873648,0
2581,02591,0.009919381371873648,0
2582,02592,0.008545924011706951,0
2583,02593,0.008545924011706951,0
2584,02594,0.009145346564098489,0
2585,02595,0.008673238606377254,0
2586,02596,0.008673238606377254,0
2587,02597,0.00857153266898436,0
2588,02598,0.00857153266898436,0
2589,02599,0.0070114158629248635,0
2590,02600,0.008137976150131898,0
2591,02601,0.0076821001924631815,0
2592,02602,0.007451573638030062,0
2593,02603,0.007451573638030062,0
2594,02604,0.007481549922697006,0
2595,02605,0.008455197004201054,0
2596,02606,0.007162437398188892,0
2597,02607,0.0068236578630580524,0
2598,02608,0.0068236578630580524,0
2599,02609,0.006667110502985629,0
2600,02610,0.009314733986735213,0
2601,02611,0.009533151642687088,0
2602,02612,0.009060301392546322,0
2603,02613,0.009060301392546322,0
2604,02614,0.008605374178794811,0
2605,02615,0.011382817771941056,0
2606,02616,0.010504295419812237,0
2607,02617,0.010026307599008355,0
2608,02618,0.010026307599008355,0
2609,02619,0.009483879513632054,0
2610,02620,0.009978704604169941,0
2611,02621,0.008804706295200582,0
2612,02622,0.011073402842502134,0
2613,02623,0.011073402842502134,0
2614,02624,0.0078021714110763085,0
2615,02625,0.0078021714110763085,0
2616,02626,0.010303705300534816,0
2617,02627,0.008929498510976686,0
2618,02628,0.008929498510976686,0
2619,02629,0.009587538106882398,0
2620,02630,0.009587538106882398,0
2621,02631,0.009567849985804067,0
2622,02632,0.01006523728372688,0
2623,02633,0.008532844802806139,0
2624,02634,0.00673218291669464,0
2625,02635,0.00673218291669464,0
2626,02636,0.007960251049270894,0
2627,02637,0.009122759153361137,0
2628,02638,0.00631510788753431,0
2629,02639,0.008263990136885724,0
2630,02640,0.008263990136885724,0
2631,02641,0.00821334996918921,0
2632,02642,0.008771360721847365,0
2633,02643,0.007638070878429382,0
2634,02644,0.01014753443903249,0
2635,02645,0.01014753443903249,0
2636,02646,0.006278717731387218,0
2637,02647,0.008908527650715037,0
2638,02648,0.008927785048205905,0
2639,02649,0.00782324193553574,0
2640,02650,0.00782324193553574,0
2641,02651,0.008626621707565896,0
2642,02652,0.008626621707565896,0
2643,02653,0.006491653840054568,0
2644,02654,0.007517191256721567,0
2645,02655,0.007517191256721567,0
2646,02656,0.007711454652016947,0
2647,02657,0.007711454652016947,0
2648,02658,0.007289616193523862,0
2649,02659,0.00744736340258445,0
2650,02660,0.005599827395132095,0
2651,02661,0.007422251395347246,0
2652,02662,0.007422251395347246,0
2653,02663,0.008004721796258885,0
2654,02664,0.006329475386439576,0
2655,02665,0.008981409357512682,0
2656,02666,0.009078017269949612,0
2657,02667,0.009078017269949612,0
2658,02668,0.008759771591503984,0
2659,02669,0.009176224813786327,0
2660,02670,0.00808494082649247,0
2661,02671,0.00681825009225534,0
2662,02672,0.00681825009225534,0
2663,02673,0.008963086690438438,0
2664,02674,0.008406622182794088,0
2665,02675,0.0087000247560578,0
2666,02676,0.007284899890025898,0
2667,02677,0.007284899890025898,0
2668,02678,0.008617256957644592,0
2669,02679,0.009711731177502791,0
2670,02680,0.008964537615543833,0
2671,02681,0.007646436166165671,0
2672,02682,0.007646436166165671,0
2673,02683,0.00819834073140946,0
2674,02684,0.00819834073140946,0
2675,02685,0.008870209060004797,0
2676,02686,0.008705620025306615,0
2677,02687,0.008705620025306615,0
2678,02688,0.00729513213953048,0
2679,02689,0.00729513213953048,0
2680,02690,0.007702940283715876,0
2681,02691,0.007035044692117687,0
2682,02692,0.007897369646863162,0
2683,02693,0.008463546679537082,0
2684,02694,0.008463546679537082,0
2685,02695,0.00906003248072551,0
2686,02696,0.009265433648482535,0
2687,02697,0.008485311945503504,0
2688,02698,0.008789042739653752,0
2689,02699,0.008789042739653752,0
2690,02700,0.00795425706459163,0
2691,02701,0.006933161457831183,0
2692,02702,0.008863350148252458,0
2693,02703,0.009517416516563237,0
2694,02704,0.009517416516563237,0
2695,02705,0.010679270689044174,0
2696,02706,0.007076063914390751,0
2697,02707,0.006813277902534054,0
2698,02708,0.00850421547613145,0
2699,02709,0.00850421547613145,0
2700,02710,0.00791345010847877,0
2701,02711,0.007700617274944754,0
2702,02712,0.007167362041237801,0
2703,02713,0.006695572159944874,0
2704,02714,0.006801960839093901,0
2705,02715,0.00641956714177816,0
2706,02716,0.009045272302898866,0
2707,02717,0.009368678473078873,0
2708,02718,0.009418047316605005,0
2709,02719,0.007980519868710623,0
2710,02720,0.007388237229801753,0
2711,02721,0.007260774765146749,0
2712,02722,0.006487740450091373,0
2713,02723,0.0077802040169538955,0
2714,02724,0.007941758924105535,0
2715,02725,0.0071651361046782824,0
2716,02726,0.007591285202098064,0
2717,02727,0.00757993157571768,0
2718,02728,0.007953655428158513,0
2719,02729,0.008232951719283399,0
2720,02730,0.007925931795301544,0
2721,02731,0.008019285099868156,0
2722,02732,0.007514684804531768,0
2723,02733,0.007779122664300253,0
2724,02734,0.007853144047772709,0
2725,02735,0.00857330511023413,0
2726,02736,0.0075943305011829665,0
2727,02737,0.008703794694586264,0
2728,02738,0.008614971291331486,0
2729,02739,0.006574235569816622,0
2730,02740,0.0075038127413549205,0
2731,02741,0.009620651640250166,0
2732,02742,0.00870360490819877,0
2733,02743,0.008647970401866267,0
2734,02744,0.00886592067413261,0
2735,02745,0.008692488613429639,0
2736,02746,0.008454872102831246,0
2737,02747,0.008607366726097077,0
2738,02748,0.008102712336792273,0
2739,02749,0.008783016736343185,0
2740,02750,0.008741653507768454,0
2741,02751,0.009916244948986908,0
2742,02752,0.010219200981649301,0
2743,02753,0.008957659401723106,0
2744,02754,0.009094480024728568,0
2745,02755,0.009409092411015507,0
2746,02756,0.01051632629495547,0
2747,02757,0.008774174001743518,0
2748,02758,0.00769987775094183,0
2749,02759,0.007606787287111949,0
2750,02760,0.008433368084363124,0
2751,02761,0.006938381496990331,0
2752,02762,0.007913805565792131,0
2753,02763,0.011285320583910519,0
2754,02764,0.010520745615842486,0
2755,02765,0.006491079550032808,0
2756,02766,0.006351469132068743,0
2757,02767,0.007689086846264459,0
2758,02768,0.008890288250023914,0
2759,02769,0.008283264204625773,0
2760,02770,0.008767894251692887,0
2761,02771,0.008890494157596684,0
2762,02772,0.00891279014981361,0
2763,02773,0.010344007093066487,0
2764,02774,0.009033392497958204,0
2765,02775,0.009382364725228243,0
2766,02776,0.010246485431410157,0
2767,02777,0.0090552397334136,0
2768,02778,0.0062905567450082245,0
2769,02779,0.007053716022603851,0
2770,02780,0.007023516855372058,0
2771,02781,0.007613908985295126,0
2772,02782,0.008266568579948341,0
2773,02783,0.007199739625010082,0
2774,02784,0.00704259291328313,0
2775,02785,0.00704259291328313,0
2776,02786,0.008460842953715186,0
2777,02787,0.009176579904822013,0
2778,02788,0.010861853972434332,0
2779,02789,0.011300971087804257,0
2780,02790,0.011300971087804257,0
2781,02791,0.009944761450287665,0
2782,02792,0.00987229725451133,0
2783,02793,0.011306974419184712,0
2784,02794,0.010070595470728527,0
2785,02795,0.010070595470728527,0
2786,02796,0.004594961123840946,0
2787,02797,0.007210511349697413,0
2788,02798,0.008088312314605162,0
2789,02799,0.006636047358610675,0
2790,02800,0.006636047358610675,0
2791,02801,0.008729894891213341,0
2792,02802,0.008433334269549952,0
2793,02803,0.007964605783445933,0
2794,02804,0.00393666006764537,0
2795,02805,0.00393666006764537,0
2796,02806,0.009448067186718312,0
2797,02807,0.009448067186718312,0
2798,02808,0.00838883994844597,0
2799,02809,0.010502296732903815,0
2800,02810,0.010502296732903815,0
2801,02811,0.007524744973400388,0
2802,02812,0.007524744973400388,0
2803,02813,0.006550962550394779,0
2804,02814,0.006498338054329089,0
2805,02815,0.008571803298849545,0
2806,02816,0.008462379122976316,0
2807,02817,0.008462379122976316,0
2808,02818,0.008174375974180137,0
2809,02819,0.005772266021603301,0
2810,02820,0.007895476824086423,0
2811,02821,0.008151666439212057,0
2812,02822,0.008151666439212057,0
2813,02823,0.006654833044495767,0
2814,02824,0.007781872697880665,0
2815,02825,0.005496768861736001,0
2816,02826,0.00788802637004693,0
2817,02827,0.00788802637004693,0
2818,02828,0.007751009844357171,0
2819,02829,0.007206894139039299,0
2820,02830,0.006785733408718464,0
2821,02831,0.007778363792144916,0
2822,02832,0.007778363792144916,0
2823,02833,0.007318853946896908,0
2824,02834,0.007318853946896908,0
2825,02835,0.006860794209861076,0
2826,02836,0.008284781548766773,0
2827,02837,0.008284781548766773,0
2828,02838,0.010107728164943097,0
2829,02839,0.010107728164943097,0
2830,02840,0.009402841320724775,0
2831,02841,0.007467334959205374,0
2832,02842,0.008505152973164343,0
2833,02843,0.00942414272844605,0
2834,02844,0.00942414272844605,0
2835,02845,0.009143867223720292,0
2836,02846,0.008450677455805966,0
2837,02847,0.007900631317206752,0
2838,02848,0.009373274448321034,0
2839,02849,0.009373274448321034,0
2840,02850,0.007604897066888938,0
2841,02851,0.008215457060399167,0
2842,02852,0.008755342259368248,0
2843,02853,0.009694453396946301,0
2844,02854,0.009694453396946301,0
2845,02855,0.008977582017040575,0
2846,02856,0.009083079521391646,0
2847,02857,0.00864405761930609,0
2848,02858,0.009063102760931585,0
2849,02859,0.009063102760931585,0
2850,02860,0.00893598777023552,0
2851,02861,0.009824237616440357,0
2852,02862,0.010398368114975298,0
2853,02863,0.010205925009755035,0
2854,02864,0.010205925009755035,0
2855,02865,0.009352395794072876,0
2856,02866,0.009352395794072876,0
2857,02867,0.009312540200171249,0
2858,02868,0.008534978284319372,0
2859,02869,0.008534978284319372,0
2860,02870,0.009472848051109928,0
2861,02871,0.009908596217528043,0
2862,02872,0.009908596217528043,0
2863,02873,0.009908596217528043,0
2864,02874,0.008939550279150943,0
2865,02875,0.010257832159819458,0
2866,02876,0.010248435628217756,0
2867,02877,0.012024695162593524,0
2868,02878,0.01062693814535276,0
2869,02879,0.010168689954029198,0
2870,02880,0.00935011497430338,0
2871,02881,0.008495150581165234,0
2872,02882,0.010137998269994064,0
2873,02883,0.010389485755339933,0
2874,02884,0.00873967877799231,0
2875,02885,0.0069919359015075955,0
2876,02886,0.00607777593681913,0
2877,02887,0.006623019651443407,0
2878,02888,0.009342409360347581,0
2879,02889,0.0076597812560343925,0
2880,02890,0.003605232431987737,0
2881,02891,0.0042179447289125704,0
2882,02892,0.0032294383266595617,0
2883,02893,0.0017230297156425323,0
2884,02894,0.0004612087607238635,0
2885,02895,0.0037323114495313447,0
2886,02896,0.0037323114495313447,0
2887,02897,0.003216547069186504,0
2888,02898,0.003216547069186504,0
2889,02899,0.00015413399412977924,0
2890,02900,0.002591332968881588,0
2891,02901,0.002591332968881588,0
2892,02902,0.012124281907269996,0
2893,02903,0.012124281907269996,0
2894,02904,0.013068456564036879,0
2895,02905,0.013532633448473774,0
2896,02906,0.013510774495113509,0
2897,02907,0.014677885420163683,0
2898,02908,0.014677885420163683,0
2899,02909,0.015576951581471654,0
2900,02910,0.012110010067769572,0
2901,02911,0.013902865210699389,0
2902,02912,0.015520608150242587,0
2903,02913,0.015520608150242587,0
2904,02914,0.015257853045602232,0
2905,02915,0.011573023228582002,0
2906,02916,0.0090580892434442,0
2907,02917,0.01128819056222774,0
2908,02918,0.01128819056222774,0
2909,02919,0.010922278165329757,0
2910,02920,0.01866831677271996,0
2911,02921,0.015828588781607422,0
2912,02922,0.020285082019711353,1
2913,02923,0.020285082019711353,1
2914,02924,0.02100117383677169,1
2915,02925,0.02100117383677169,1
2916,02926,0.02048969837031489,1
2917,02927,0.023663143278529475,1
2918,02928,0.023663143278529475,1
2919,02929,0.01924680556465841,1
2920,02930,0.01924680556465841,1
2921,02931,0.01412267269110945,1
2922,02932,0.016295501527365808,1
2923,02933,0.020188960822901336,1
2924,02934,0.020455304377129835,1
2925,02935,0.02188703530073166,1
2926,02936,0.017648796399803324,1
2927,02937,0.02239386680228428,1
2928,02938,0.0206472790157477,1
2929,02939,0.02088669564568857,1
2930,02940,0.019524055422984077,1
2931,02941,0.02414266657662356,1
2932,02942,0.02185702512721477,1
2933,02943,0.021458225795974784,1
2934,02944,0.019119187767933532,1
2935,02945,0.019487491954286895,1
2936,02946,0.018796031623833365,1
2937,02947,0.019309059070747203,1
2938,02948,0.020260600002949936,1
2939,02949,0.01977577790589624,1
2940,02950,0.01942507943853311,1
2941,02951,0.021825654809480177,1
2942,02952,0.019503766848909088,1
2943,02953,0.018291906273542935,1
2944,02954,0.016363413342620703,1
2945,02955,0.01630706356578493,1
2946,02956,0.016113857992487546,1
2947,02957,0.01594400824747666,1
2948,02958,0.016822400312999086,1
2949,02959,0.018074858076978728,1
2950,02960,0.018247881451615378,1
2951,02961,0.017099077944383367,1
2952,02962,0.01750187782975754,1
2953,02963,0.019575686583380048,1
2954,02964,0.01781183724892177,1
2955,02965,0.019915624578574764,1
2956,02966,0.01841600946147448,1
2957,02967,0.019425504595565357,1
2958,02968,0.017625311525009124,1
2959,02969,0.018529731993487175,1
2960,02970,0.018685252004805974,1
2961,02971,5.750436437690354e-05,1
2962,02972,5.8782679118074554e-05,1
2963,02973,0.019676631556931667,1
2964,02974,0.018395485681605983,1
2965,02975,0.018335328389603944,1
2966,02976,0.01821712912211293,1
2967,02977,0.018352427608498978,1
2968,02978,0.01870035866664832,1
2969,02979,0.019238263424030677,1
2970,02980,0.01929945647088882,1
2971,02981,0.01787507980944003,1
2972,02982,0.01992353992497531,1
2973,02983,0.018456199767454606,1
2974,02984,0.018669027153398687,1
2975,02985,0.017415047053482624,1
2976,02986,0.01948585384468693,1
2977,02987,0.01910861307834999,1
2978,02988,0.018308496301684407,1
2979,02989,0.017225874541376918,1
2980,02990,0.017921218529815874,1
2981,02991,0.017564629822189204,1
2982,02992,0.017544427448376254,1
2983,02993,0.016656705206266054,1
2984,02994,0.017728891562545535,1
2985,02995,0.0170912367536582,1
2986,02996,0.015764184804547554,1
2987,02997,0.016049359272467534,1
2988,02998,0.00013857576097553448,1
2989,02999,0.00013857576097553448,1
2990,03000,3.173960378521912e-05,1
2991,03001,7.981420622371616e-05,1
2992,03002,0.00045796694759125955,1
2993,03003,0.00013080726710601454,1
2994,03004,0.00013080726710601454,1
2995,03005,6.027319719237312e-05,1
2996,03006,0.00015446978918198795,1
2997,03007,0.00034998451292356236,1
2998,03008,0.01464581016072497,1
2999,03009,0.01464581016072497,1
3000,03010,0.0034158801117740722,1
3001,03011,0.00012042833225045513,1
3002,03012,0.0004290084781946035,0
3003,03013,0.015113260827701147,0
3004,03014,0.015113260827701147,0
3005,03015,0.009461440313991432,0
3006,03016,0.009461440313991432,0
3007,03017,0.0016734245137728365,0
3008,03018,8.251329881669989e-05,0
3009,03019,8.251329881669989e-05,0
3010,03020,0.010444130902789617,0
3011,03021,0.010444130902789617,0
3012,03022,0.003695472662498922,0
3013,03023,0.007133289215121685,0
3014,03024,0.005818800211021546,0
3015,03025,0.0015170248789093677,0
3016,03026,0.0015170248789093677,0
3017,03027,5.9332825193436634e-05,0
3018,03028,0.0002509110072166365,0
3019,03029,0.00041714229499145716,0
3020,03030,0.007942096356230444,0
3021,03031,0.007942096356230444,0
3022,03032,0.014060193674414911,0
3023,03033,0.010289230340842614,0
3024,03034,0.012399187544896328,0
3025,03035,0.011913990959306453,0
3026,03036,0.011913990959306453,0
3027,03037,0.010498547694058225,0
3028,03038,0.00320868952636566,0
3029,03039,0.00353352756286629,0
3030,03040,0.002185998300609171,0
3031,03041,0.002185998300609171,0
3032,03042,0.0036146373707408586,0
3033,03043,0.0003511946414835876,0
3034,03044,0.00017531424402328355,0
3035,03045,0.004515612054210472,0
3036,03046,0.004515612054210472,0
3037,03047,0.00019716012301174146,0
3038,03048,0.00019716012301174146,0
3039,03049,0.006279532982579994,0
3040,03050,0.0066837040808902515,0
3041,03051,0.0066837040808902515,0
3042,03052,0.006020526951497018,0
3043,03053,0.006020526951497018,0
3044,03054,0.004006399471885302,0
3045,03055,0.004979425267467086,0
3046,03056,0.0002535951171624973,0
3047,03057,0.0004927670501153614,0
3048,03058,0.0004927670501153614,0
3049,03059,0.004723825696508754,0
3050,03060,0.001791882694881508,0
3051,03061,0.010010451208524174,0
3052,03062,0.0065399139579032095,0
3053,03063,0.009341283920433874,0
3054,03064,0.008169568545236316,0
3055,03065,0.00991044940352026,0
3056,03066,0.007862036577312104,0
3057,03067,0.00973614254380184,0
3058,03068,0.010674927927039946,0
3059,03069,0.010058848766554718,0
3060,03070,0.009949729415336783,0
3061,03071,0.01152440322634174,0
3062,03072,0.011054350422566195,0
3063,03073,0.011067916668456412,0
3064,03074,0.013164962664739654,0
3065,03075,0.010238015509304255,0
3066,03076,0.009749450894094736,0
3067,03077,0.011576036190121819,0
3068,03078,0.010384229234657205,0
3069,03079,0.00788403887939193,0
3070,03080,0.0082625927149369,0
3071,03081,0.006680608068339033,0
3072,03082,0.010865954665362665,0
3073,03083,0.011057320836433071,0
3074,03084,0.009022443997772633,0
3075,03085,0.011068767788597889,0
3076,03086,0.010397680033996437,0
3077,03087,0.006591223341095187,0
3078,03088,0.010523035296745142,0
3079,03089,0.01015550814466426,0
3080,03090,0.010589779993924076,0
3081,03091,0.01225005485061903,0
3082,03092,0.012226193449109246,0
3083,03093,0.011300571394405878,0
3084,03094,0.010250868071548958,1
3085,03095,0.010250868071548958,1
3086,03096,0.009854258612945088,1
3087,03097,0.010910296028937339,1
3088,03098,0.010122588530514065,1
3089,03099,0.010988776998712702,1
3090,03100,0.010988776998712702,1
3091,03101,0.011908865545550817,1
3092,03102,0.011257446912074087,1
3093,03103,0.011388991966962969,1
3094,03104,0.011631705299524064,1
3095,03105,0.011631705299524064,1
3096,03106,0.016762855982720204,1
3097,03107,0.016762855982720204,1
3098,03108,0.016265591822243408,1
3099,03109,0.017052843747816127,1
3100,03110,0.017052843747816127,1
3101,03111,0.016154668839244657,1
3102,03112,0.016154668839244657,1
3103,03113,0.01676065198750276,1
3104,03114,0.014948330758580042,1
3105,03115,0.015242576137127095,1
3106,03116,0.01541705815705896,1
3107,03117,0.01541705815705896,1
3108,03118,0.014886146618876772,1
3109,03119,0.015421064043183108,1
3110,03120,0.014855961173527277,1
3111,03121,0.014090450815500866,1
3112,03122,0.014090450815500866,1
3113,03123,0.015011350763086462,1
3114,03124,0.013363555533327798,1
3115,03125,0.014202186280072304,1
3116,03126,0.012681330087933596,1
3117,03127,0.012681330087933596,1
3118,03128,0.011585664133419549,1
3119,03129,0.013585477903816923,1
3120,03130,0.013747498545962245,1
3121,03131,0.013951281178227859,1
3122,03132,0.013951281178227859,1
3123,03133,0.012822128029957192,1
3124,03134,0.013992569051648474,1
3125,03135,0.014148015454261476,1
3126,03136,0.01016212496104174,1
3127,03137,0.01016212496104174,1
3128,03138,0.011915721726309947,1
3129,03139,0.011915721726309947,1
3130,03140,0.013529496386481377,1
3131,03141,0.009390271946030815,1
3132,03142,0.009390271946030815,1
3133,03143,0.0098715606874622,1
3134,03144,0.0098715606874622,1
3135,03145,0.009585882982790395,1
3136,03146,0.010033764714239446,1
3137,03147,0.011136661097717493,1
3138,03148,0.008994542342366074,1
3139,03149,0.008994542342366074,1
3140,03150,0.011053044879596463,1
3141,03151,0.0118576074550516,1
3142,03152,0.011420828754624246,1
3143,03153,0.013361241925434975,1
3144,03154,0.013361241925434975,1
3145,03155,0.010813879124551562,1
3146,03156,0.011119257539457195,1
3147,03157,0.0102267413649626,1
3148,03158,0.011577766116530164,1
3149,03159,0.011577766116530164,1
3150,03160,0.011981503789628256,1
3151,03161,0.010075779323243772,1
3152,03162,0.011233042942457416,1
3153,03163,0.011748627660427502,1
3154,03164,0.011748627660427502,1
3155,03165,0.011835637889785033,1
3156,03166,0.012155436328331604,1
3157,03167,0.007604948027323033,1
3158,03168,0.009651979941968314,1
3159,03169,0.009651979941968314,1
3160,03170,0.009228602947847442,1
3161,03171,0.009228602947847442,1
3162,03172,0.011000215064776775,1
3163,03173,0.009215298853412435,1
3164,03174,0.009215298853412435,1
3165,03175,0.008408742617755038,1
3166,03176,0.008408742617755038,1
3167,03177,0.008087118075367883,1
3168,03178,0.010211313463031502,1
3169,03179,0.012073641843121763,1
3170,03180,0.013496324733611509,1
3171,03181,0.013496324733611509,1
3172,03182,0.01125366483632817,1
3173,03183,0.013063854837453093,1
3174,03184,0.013286619859837145,1
3175,03185,0.01698043482376299,1
3176,03186,0.01698043482376299,1
3177,03187,0.016331554738050258,1
3178,03188,0.01779277553190539,1
3179,03189,0.0154141305086819,1
3180,03190,0.01679981839739142,1
3181,03191,0.01679981839739142,1
3182,03192,0.01704975072913939,1
3183,03193,0.017816051794660837,1
3184,03194,0.016231659983278135,1
3185,03195,0.0160738353428167,1
3186,03196,0.0160738353428167,1
3187,03197,0.016329451523425575,1
3188,03198,0.016329451523425575,1
3189,03199,0.01602612214432142,1
3190,03200,0.015010786289404443,1
3191,03201,0.015010786289404443,1
3192,03202,0.015372563710444709,1
3193,03203,0.015372563710444709,1
3194,03204,0.015616126015647325,1
3195,03205,0.013786045588156881,1
3196,03206,0.015826908091162828,1
3197,03207,0.015514587543333569,1
3198,03208,0.014111999980082501,1
3199,03209,0.014994724178275298,1
3200,03210,0.012822340101253715,1
3201,03211,0.013976617794998702,1
3202,03212,0.015249331251498077,1
3203,03213,0.013949330462152965,1
3204,03214,0.013949330462152965,1
3205,03215,0.012991848773206804,1
3206,03216,0.015088470437973456,1
3207,03217,0.01353194315363293,1
3208,03218,0.015474023143469573,1
3209,03219,0.011971211565946938,1
3210,03220,0.014789653603482833,1
3211,03221,0.011915598273503747,1
3212,03222,0.012407144545282023,1
3213,03223,0.01262402216586267,1
3214,03224,0.01262402216586267,1
3215,03225,0.014782145525427559,1
3216,03226,0.012551808387438967,1
3217,03227,0.013452988258717546,1
3218,03228,0.012936498349030323,1
3219,03229,0.011316915462491473,1
3220,03230,0.011426507360773996,1
3221,03231,0.015126786411149062,1
3222,03232,0.013077835245262293,1
3223,03233,0.012621817653700518,1
3224,03234,0.013798870441200428,1
3225,03235,0.01156140475642875,1
3226,03236,0.014304223192989518,1
3227,03237,0.015329720499185129,1
3228,03238,0.012655301860399426,1
3229,03239,0.015032942000194893,1
3230,03240,0.01451092007397925,1
3231,03241,0.01344229093985927,1
3232,03242,0.015102015021515314,1
3233,03243,0.014721010480144514,1
3234,03244,0.014385107278751974,1
3235,03245,0.013792611815191869,1
3236,03246,0.012277018102866855,1
3237,03247,0.013433585879171872,1
3238,03248,0.013040262272016712,1
3239,03249,0.016805278188716244,1
3240,03250,0.017021613412654624,1
3241,03251,0.017332364379637255,1
3242,03252,0.01503813377871488,1
3243,03253,0.015426565810725101,1
3244,03254,0.015136179578447262,1
3245,03255,0.01496775461714428,1
3246,03256,0.014646093563969842,1
3247,03257,0.015944151346438673,1
3248,03258,0.015944151346438673,1
3249,03259,0.014433313998675423,1
3250,03260,0.016698916706149092,1
3251,03261,0.015424449040038368,1
3252,03262,0.014915341425671969,1
3253,03263,0.015617947668447485,1
3254,03264,0.013768453133328862,1
3255,03265,0.013371266835406459,1
3256,03266,0.014597178040165026,1
3257,03267,0.01292130389651458,1
3258,03268,0.012892363375872407,1
3259,03269,0.012428750204865224,1
3260,03270,0.01465310171078471,1
3261,03271,0.014645173961441493,1
3262,03272,0.01463980042273505,1
3263,03273,0.013229295922439377,1
3264,03274,0.017015901822235335,1
3265,03275,0.01482264002834377,1
3266,03276,0.01482264002834377,1
3267,03277,0.015024056591469659,1
3268,03278,0.013542512387973105,1
3269,03279,0.013718901768458913,1
3270,03280,0.013248336410392803,1
3271,03281,0.012251443534436746,1
3272,03282,0.011313377516535716,1
3273,03283,0.011339360662278253,1
3274,03284,0.01064985771845528,1
3275,03285,0.012787649809882673,1
3276,03286,0.012787649809882673,1
3277,03287,0.011893762376435468,1
3278,03288,0.012818726538256442,1
3279,03289,0.012728258594731479,1
3280,03290,0.012728258594731479,1
3281,03291,0.014880120603095293,1
3282,03292,0.012914041835134782,1
3283,03293,0.012914041835134782,1
3284,03294,0.012753113173915587,1
3285,03295,0.012168020853257744,1
3286,03296,0.012268466704179914,1
3287,03297,0.010774822168861498,1
3288,03298,0.010860101019662949,1
3289,03299,0.011453639567709395,1
3290,03300,0.011175992338712248,1
3291,03301,0.011891357196604169,1
3292,03302,0.011829698133697164,1
3293,03303,0.012532925858688593,1
3294,03304,0.013043041695781632,1
3295,03305,0.01342914921215499,1
3296,03306,0.011330028312740659,1
3297,03307,0.010701801392623445,1
3298,03308,0.010776244847140681,1
3299,03309,0.013039313798416607,1
3300,03310,0.014074494600638587,1
3301,03311,0.011537580340258202,1
3302,03312,0.010499627085765795,1
3303,03313,0.010794355054889238,1
3304,03314,0.012404483878506234,1
3305,03315,0.012647030841784535,1
3306,03316,0.01273983017002056,1
3307,03317,0.011121109150554531,1
3308,03318,0.00496125418727722,1
3309,03319,0.00496125418727722,1
3310,03320,0.010535881076273235,1
3311,03321,0.010535881076273235,1
3312,03322,0.013105194919868168,1
3313,03323,0.008747638617398579,1
3314,03324,0.008747638617398579,1
3315,03325,0.014203773124748409,1
3316,03326,0.014203773124748409,1
3317,03327,0.011683900621524579,1
3318,03328,0.008968491239112808,1
3319,03329,0.010266491272872713,1
3320,03330,0.012515740132940323,1
3321,03331,0.012515740132940323,1
3322,03332,0.006294296124496057,1
3323,03333,0.010542235524827248,1
3324,03334,0.010549321782803212,1
3325,03335,0.010472932694788994,1
3326,03336,0.013345983587693233,1
3327,03337,0.01567746543657389,1
3328,03338,0.01416277549378453,1
3329,03339,0.009622110289586594,1
3330,03340,0.014213749367325335,1
3331,03341,0.012338208250501914,1
3332,03342,0.012725870330577926,1
3333,03343,0.014496863787681669,1
3334,03344,0.01654336148876645,1
3335,03345,0.01703581130387377,1
3336,03346,0.01740883075288746,1
3337,03347,0.016300564058104428,1
3338,03348,0.015422139231013432,1
3339,03349,0.014174520187616224,1
3340,03350,0.014736553496543792,1
3341,03351,0.014489873958235755,1
3342,03352,0.01636268238715477,1
3343,03353,0.013179485391907164,1
3344,03354,0.010961826883404413,1
3345,03355,0.0007129057881556378,1
3346,03356,0.0067334076754681504,1
3347,03357,0.010411829316835153,1
3348,03358,0.012028604464242143,1
3349,03359,0.010919793090008234,1
3350,03360,0.011439193948162618,1
3351,03361,0.013313450805943816,1
3352,03362,0.012525846819554154,1
3353,03363,0.01640968647182639,1
3354,03364,0.015124845867604542,1
3355,03365,0.016096737921920123,1
3356,03366,0.0004892173850548076,1
3357,03367,0.0011984600534544754,1
3358,03368,0.0001350078113748765,1
3359,03369,0.0005445816938873804,1
3360,03370,0.00036728775136829483,1
3361,03371,0.0014172091725175306,1
3362,03372,0.0012003552917905225,1
3363,03373,0.0018930999186652642,0
3364,03374,0.005310176311428272,0
3365,03375,0.013980403705076583,0
3366,03376,0.013580325979180685,0
3367,03377,0.013850533669455878,0
3368,03378,0.013454624135120774,0
3369,03379,0.014486688129200509,0
3370,03380,0.014112062357223287,0
3371,03381,0.014654401503459091,0
3372,03382,0.014654401503459091,0
3373,03383,0.015293331800656063,0
3374,03384,0.014829219978694574,0
3375,03385,0.015271790107962424,0
3376,03386,0.014344010505602078,0
3377,03387,0.015662549594726904,1
3378,03388,0.014545673033338424,1
3379,03389,0.015195969290408229,1
3380,03390,0.015153515535914153,1
3381,03391,0.015274527672224814,1
3382,03392,0.015776262972337918,1
3383,03393,0.01602364795649258,1
3384,03394,0.01683487690750063,1
3385,03395,0.01569197784242604,1
3386,03396,0.01559331457396862,1
3387,03397,0.01600614975823511,1
3388,03398,0.015917268571636,1
3389,03399,0.015925022820391987,1
3390,03400,0.01589394017848278,1
3391,03401,0.016544031671526405,1
3392,03402,0.01712760996841567,1
3393,03403,0.017361882290816588,1
3394,03404,0.018641984910120257,1
3395,03405,0.015222628185445508,1
3396,03406,0.017242764759519247,1
3397,03407,0.01741252884486144,1
3398,03408,0.0161476538654588,1
3399,03409,0.015942921119421527,1
3400,03410,0.016426490488636425,1
3401,03411,0.015013092393610705,1
3402,03412,0.015528297079429265,1
3403,03413,0.015748371499835656,1
3404,03414,0.015259040926356882,1
3405,03415,0.015233069223568485,1
3406,03416,0.016122941996503215,1
3407,03417,0.016086026972405243,1
3408,03418,0.016968086537783478,1
3409,03419,0.014578760056783047,1
3410,03420,0.01258896874740234,1
3411,03421,0.013233271624963905,1
3412,03422,0.014778253813464204,1
3413,03423,0.014357801047849783,1
3414,03424,0.014325672701180459,1
3415,03425,0.014309875549641582,1
3416,03426,0.014309875549641582,1
3417,03427,0.01433330793266574,1
3418,03428,0.013738286850677461,1
3419,03429,0.013175853033519758,1
3420,03430,0.01511279170035884,1
3421,03431,0.015100716971803152,1
3422,03432,0.01498931577235485,1
3423,03433,0.014993668808641836,1
3424,03434,0.01753107476834259,1
3425,03435,0.018532546481942802,1
3426,03436,0.01790164159150187,1
3427,03437,0.01905051064545127,1
3428,03438,0.014525368405386985,1
3429,03439,0.01367207812025839,1
3430,03440,0.017932525504654073,1
3431,03441,0.01912553134071704,1
3432,03442,0.018577799656059213,1
3433,03443,0.016286487406331318,1
3434,03444,0.016268972102293944,1
3435,03445,0.01815048740693026,1
3436,03446,0.019330789404897963,1
3437,03447,0.016358990387641548,1
3438,03448,0.018426030159043094,1
3439,03449,0.018220604483587977,1
3440,03450,0.020335984513630834,1
3441,03451,0.015601983274137865,1
3442,03452,0.014425710792974833,1
3443,03454,0.01572386761612954,1
3444,03455,0.015914491069151104,1
3445,03456,0.018420312183577536,1
3446,03457,0.015490721072899838,1
3447,03458,0.015479642266996052,1
3448,03459,0.015647560885698297,1
3449,03460,0.016322819527219146,1
3450,03461,0.01565016971513078,1
3451,03462,0.01705278622755202,1
3452,03463,0.013177063060353156,1
3453,03464,0.012011003097988748,1
3454,03465,0.014230483170304176,1
3455,03466,0.014930260977517484,1
3456,03467,0.014808818765247977,1
3457,03468,0.01365380058429988,1
3458,03469,0.01583496160432052,1
3459,03470,0.014521719756133145,1
3460,03471,0.014393700511714513,1
3461,03472,0.013303328571060646,1
3462,03473,0.012284594439428531,1
3463,03474,0.016515951142102026,1
3464,03475,0.014526014189327974,1
3465,03476,0.014079927647513202,1
3466,03477,0.01354395186420465,1
3467,03478,0.01617395680071354,1
3468,03479,0.013741445513534956,1
3469,03480,0.013973901848295611,1
3470,03481,0.014409037256868373,1
3471,03482,0.01453394434617472,1
3472,03483,0.015526357691529213,1
3473,03484,0.01563487897379101,1
3474,03485,0.014857366673505012,1
3475,03486,0.014538177901220806,1
3476,03487,0.014606117969263366,1
3477,03488,0.014361525145954346,1
3478,03489,0.014005954247490848,1
3479,03490,0.013415484442109715,1
3480,03491,0.0140787557760218,1
3481,03492,0.013648768265699829,1
3482,03493,0.014629298352516251,1
3483,03494,0.01302149771672223,1
3484,03495,0.013827142096001666,1
3485,03496,0.013926135192178002,1
3486,03497,0.013677113638280503,1
3487,03498,0.012217043758766089,1
3488,03499,0.013970876457453762,1
3489,03500,0.013507628634673807,1
3490,03501,0.012092225440548887,1
3491,03502,0.012998051795641175,1
3492,03503,0.015131640243921218,1
3493,03504,0.01580152711996341,1
3494,03505,0.015278491323232224,1
3495,03506,0.01559929597209564,1
3496,03507,0.0143899697976968,1
3497,03508,0.014288822631574938,1
3498,03509,0.012614097614614295,1
3499,03510,0.01625842232387331,1
3500,03511,0.013067150822597462,1
3501,03512,0.015260515270293595,1
3502,03513,0.013239677242619763,1
3503,03514,0.013816253673958556,1
3504,03515,0.013479069700808921,1
3505,03516,0.0161547054457154,1
3506,03517,0.016019298842596896,1
3507,03518,0.01445826219314661,1
3508,03519,0.012535911338412475,1
3509,03520,0.018155528458137837,1
3510,03521,0.01778536334115266,1
3511,03522,0.01690591100630101,1
3512,03523,0.01597615496807503,1
3513,03524,0.01350552168867214,1
3514,03525,0.01356498324161226,1
3515,03526,0.015940412190749598,1
3516,03527,0.01276864591149618,1
3517,03528,0.015342780405052991,1
3518,03529,0.014626753989304575,1
3519,03530,0.01568355449718961,1
3520,03531,0.017087293195514164,1
3521,03532,0.014867089875221673,1
3522,03533,0.014720725675836377,1
3523,03534,0.008425166023119601,1
3524,03535,0.007660226306297702,1
3525,03536,0.016812090749520614,1
3526,03537,0.039538010842501414,1
3527,03538,0.030511751482350746,1
3528,03539,0.010490290466604435,1
3529,03540,0.010490290466604435,1
3530,03541,0.010653228293382888,1
3531,03542,0.021916211264318086,1
3532,03543,0.004081599788898771,1
3533,03544,0.01329158638582495,1
3534,03545,0.006933651597512025,1
3535,03546,0.012434791983570115,1
3536,03547,0.03481785550168848,1
3537,03548,0.005952935161503525,1
3538,03549,0.007875553946324665,1
3539,03550,0.015204069094577832,1
3540,03551,0.02115980454946431,1
3541,03552,0.014333925517803436,1
3542,03553,0.017454161400733526,1
3543,03554,0.011924148582176386,1
3544,03555,0.01344791652491839,1
3545,03556,0.015426247135311044,1
3546,03557,0.01636484592212284,1
3547,03558,0.016409432602004337,1
3548,03559,0.016409738772094506,1
3549,03560,0.015647334392790313,1
3550,03561,0.01716675568141035,1
3551,03562,0.015129076275652409,1
3552,03563,0.011714207423494827,1
3553,03564,0.012539217975987782,1
3554,03565,0.012539217975987782,1
3555,03566,0.01267632808957142,1
3556,03567,0.011278755064128454,1
3557,03568,0.01564065591789454,1
3558,03569,0.01240921660180394,1
3559,03570,0.01286053851911717,1
3560,03571,0.011632335987896703,1
3561,03572,0.014186439120289052,1
3562,03573,0.0142784596567882,1
3563,03574,0.014660309567315899,1
3564,03575,0.014111902167787349,1
3565,03576,0.013534160603855483,1
3566,03577,0.01244697135959072,1
3567,03578,0.012367327665141481,1
3568,03579,0.012308553165526703,1
3569,03580,0.013981471262978218,1
3570,03581,0.013995361924718175,1
3571,03582,0.013995361924718175,1
3572,03583,0.01368779424531219,1
3573,03584,0.011189805181366808,1
3574,03585,0.013553875904913859,1
3575,03586,0.006981858230384219,1
3576,03587,0.013075972815545178,1
3577,03588,0.008919579549637291,1
3578,03589,0.011718449297048572,1
3579,03590,0.011476628418800594,1
3580,03591,0.01377603275686834,1
3581,03592,0.009720024593014465,1
3582,03593,0.007971193416492994,1
3583,03594,0.007971193416492994,1
3584,03595,0.00890084067475172,1
3585,03596,0.010432044175354704,1
3586,03597,0.014231077232309097,1
3587,03598,0.015401098161248683,1
3588,03599,0.015401098161248683,1
3589,03600,0.015014559321895327,1
3590,03601,0.00928120364422469,1
3591,03602,0.013611514919365852,1
3592,03603,0.015587698437736996,1
3593,03604,0.014933744483825784,1
3594,03605,0.011897208283945027,1
3595,03606,0.013504743527975371,1
3596,03607,0.012451639760421074,1
3597,03608,0.014592406361551014,1
3598,03609,0.012196701064203452,1
3599,03610,0.012201320114336056,1
3600,03611,0.009681387674758568,1
3601,03612,0.00967011059851064,1
3602,03613,0.013640940708373073,1
3603,03614,0.012352668099245179,1
3604,03615,0.013838831247848127,1
3605,03616,0.011752232402252538,1
3606,03617,0.015988721514561988,1
3607,03618,0.015938327346364467,1
3608,03619,0.011012482839969806,1
3609,03620,0.011537986349381413,1
3610,03621,0.009505748299548422,1
3611,03622,0.006089186584287809,1
3612,03623,0.004645759223914858,1
3613,03624,0.013132094345706058,1
3614,03625,0.011886313117908998,1
3615,03626,0.00822596043485202,1
3616,03627,0.012840950488482328,1
3617,03628,0.010963746826733178,1
3618,03629,0.011023895816477669,1
3619,03630,0.012410838183041228,1
3620,03631,0.00960517425184726,1
3621,03632,0.01166619287879378,1
3622,03633,0.009235119287874127,1
3623,03634,0.00948265011212257,1
3624,03635,0.009404171710308162,1
3625,03636,0.010886208099417871,1
3626,03637,0.013693714393133938,1
3627,03638,0.013001507326635853,1
3628,03639,0.011832717890001732,1
3629,03640,0.008099303558039672,1
3630,03641,0.00814543021168479,1
3631,03642,0.011927179975690372,1
3632,03643,0.013912067342880086,1
3633,03644,0.013257323158039291,1
3634,03645,0.009689712245332771,1
3635,03646,0.010830350316179072,1
3636,03647,0.011585250160759841,1
3637,03648,0.008807002360696536,1
3638,03649,0.011732931105957967,1
3639,03650,0.011732931105957967,1
3640,03651,0.011997534075398164,1
3641,03652,0.011471989159892004,1
3642,03653,0.010494503086052376,1
3643,03654,0.010494503086052376,1
3644,03655,0.010453969552807862,1
3645,03656,0.012340350356003782,1
3646,03657,0.012065555190046595,1
3647,03658,0.012206540830815626,1
3648,03659,0.013528502688271438,1
3649,03660,0.012975778918160152,1
3650,03661,0.01209671067699869,1
3651,03662,0.013983039832857536,1
3652,03663,0.012782326997090365,1
3653,03664,0.012782326997090365,1
3654,03665,0.014176929336981559,1
3655,03666,0.01755606863920267,1
3656,03667,0.01754148576444514,1
3657,03668,0.014476356212343333,1
3658,03669,0.013941311564709125,1
3659,03670,0.01500656575774073,1
3660,03671,0.015704935247629948,1
3661,03672,0.015671169288431486,1
3662,03673,0.017212640261417,1
3663,03674,0.017212640261417,1
3664,03675,0.016290100905085758,1
3665,03676,0.015313471295328895,1
3666,03677,0.016579359865663612,1
3667,03678,0.015823790353411304,1
3668,03679,0.016087254394678396,1
3669,03680,0.014726710313265556,1
3670,03681,0.014198970126497734,1
3671,03682,0.014585051478925415,1
3672,03683,0.016025194315705704,1
3673,03684,0.010165872573588253,1
3674,03685,0.009595587728300714,1
3675,03686,0.013425066239667771,1
3676,03687,0.015388384526193732,1
3677,03688,0.015562564570336335,1
3678,03689,0.017368563844004647,1
3679,03690,0.013597294297005291,1
3680,03691,0.013122788152940323,1
3681,03692,0.014477915225414861,1
3682,03693,0.01212577051943331,1
3683,03694,0.012945209180241335,1
3684,03695,0.013304148094155366,1
3685,03696,0.013670575454220568,1
3686,03697,0.012261355421972375,1
3687,03698,0.012945532268615167,1
3688,03699,0.015020078914775858,1
3689,03700,0.013259500039067618,1
3690,03701,0.013125525890181677,1
3691,03702,0.012766485883664025,1
3692,03703,0.013147015270159379,1
3693,03704,0.013628898656214083,1
3694,03705,0.012292531542168028,1
3695,03706,0.012689462653630024,1
3696,03707,0.015482417798178716,1
3697,03708,0.015584890048934597,1
3698,03709,0.012905928426091506,1
3699,03710,0.012296452314275896,1
3700,03711,0.013211797436878392,1
3701,03712,0.014217095813710223,1
3702,03713,0.008805058934489018,1
3703,03714,0.012629522224442802,1
3704,03715,0.009947608428608312,1
3705,03716,0.011993824913477447,1
3706,03717,0.014417851351674393,1
3707,03718,0.012227457061961822,1
3708,03719,0.012095988452931472,1
3709,03720,0.012416341724299507,1
3710,03721,0.014915514837146482,1
3711,03722,0.01158239240288772,1
3712,03723,0.01365899009038074,1
3713,03724,0.01435321563721459,1
3714,03725,0.010297345136040192,1
3715,03726,0.015672542566335323,1
3716,03727,0.0187604067004159,1
3717,03728,0.015354000750810393,1
3718,03729,0.010817832599705035,1
3719,03730,0.015375501856862428,1
3720,03731,0.01508701245512789,1
3721,03732,0.014402927844678892,1
3722,03733,0.014138467010629263,1
3723,03734,0.0156754559258534,1
3724,03735,0.016353890738519894,1
3725,03736,0.014542397690456177,1
3726,03737,0.015290341700502807,1
3727,03738,0.014439830387514618,1
3728,03739,0.013899968827663756,1
3729,03740,0.014429566279327233,1
3730,03741,0.013549338235568698,1
3731,03742,0.01584194794605409,1
3732,03743,0.013338604060259662,1
3733,03744,0.004740697209451028,1
3734,03745,0.0038921673163745396,1
3735,03746,0.0005496453437814353,1
3736,03747,0.00014473617549182194,1
3737,03748,0.006762945086988381,1
3738,03749,0.011662176951750425,1
3739,03750,0.01302059112273124,1
3740,03751,0.014206152753470036,1
3741,03752,0.013361988394292368,1
3742,03753,0.013685703468330424,1
3743,03754,0.011721278681750213,1
3744,03755,0.010413707804018735,1
3745,03756,0.008343184255709346,1
3746,03757,0.0043381040025600726,1
3747,03758,0.003024245218670174,1
3748,03759,0.003993863735266778,1
3749,03760,0.004924369792403738,1
3750,03761,0.003037892702822731,1
3751,03762,0.004102996547953097,0
3752,03763,0.0037355690771239125,0
3753,03764,0.0034519429381729694,0
3754,03765,0.00307641876755671,0
3755,03766,0.001637211708964692,0
3756,03767,0.0038081500649491673,0
3757,03768,0.004175399558205228,0
3758,03769,0.004175839103373491,0
3759,03770,0.005921581966187084,0
3760,03771,0.00596715130314962,0
3761,03772,0.009181786252934643,0
3762,03773,0.006498240877043315,0
3763,03774,0.006952118719919298,0
3764,03775,0.009485871713613037,0
3765,03776,0.008657568624620637,0
3766,03777,0.0114110959217113,0
3767,03778,0.01068340872244633,0
3768,03779,0.011301288804364873,0
3769,03780,0.014285988318901488,0
3770,03781,0.012940695743700381,0
3771,03782,0.016344255744634495,0
3772,03783,0.0166278028466893,0
3773,03784,0.012020421413758697,0
3774,03785,0.011817140846838825,0
3775,03786,0.011155742762287701,0
3776,03787,0.010958309573272373,0
3777,03788,0.010821789901489076,0
3778,03789,0.011667167380553956,0
3779,03790,0.01193078220874888,0
3780,03791,0.013874328761898091,0
3781,03792,0.012619034133991569,0
3782,03793,0.015349019438664513,0
3783,03794,0.013388223932494725,0
3784,03795,0.013388223932494725,1
3785,03796,0.012197043027097898,1
3786,03797,0.010136785420374217,1
3787,03798,0.010011667097301391,1
3788,03799,0.014873487007964314,1
3789,03800,0.012152424232821701,1
3790,03801,0.011450921435789851,1
3791,03802,0.011191615481741302,1
3792,03803,0.012308258651826165,1
3793,03804,0.011729885683023689,1
3794,03805,0.012173754833736616,1
3795,03806,0.010558670798610947,1
3796,03807,0.011271913555924051,1
3797,03808,0.011878954277173115,1
3798,03809,0.011585416187825714,1
3799,03810,0.010871776219011586,1
3800,03811,0.012101199405125662,1
3801,03812,0.011500548982962044,1
3802,03813,0.014208290776657861,1
3803,03814,0.012252663878077996,1
3804,03815,0.012138794997760272,1
3805,03816,0.013317554192492587,1
3806,03817,0.01329666382516237,1
3807,03818,0.013877440138176489,1
3808,03819,0.013501358663836172,1
3809,03820,0.014378399881193715,1
3810,03821,0.013195576330851999,1
3811,03822,0.014578326831030886,1
3812,03823,0.013011215333836645,1
3813,03824,0.014479645504365202,1
3814,03825,0.013019831671095439,1
3815,03826,0.012868808064907533,1
3816,03827,0.012868808064907533,1
3817,03828,0.012794587511605116,1
3818,03829,0.012535791594000756,1
3819,03830,0.011850745689570452,1
3820,03831,0.013534802867050999,1
3821,03832,0.013683546961037685,1
3822,03833,0.014139225626745855,1
3823,03834,0.01239692981769469,1
3824,03835,0.012255160859793612,1
3825,03836,0.011808120513001619,1
3826,03837,0.011808120513001619,1
3827,03838,0.012070373065739659,1
3828,03839,0.009102867592591934,1
3829,03840,0.008685371507018758,1
3830,03841,0.009190074111309343,1
3831,03842,0.013437353476217773,1
3832,03843,0.012813411581866774,1
3833,03844,0.012025670530442234,1
3834,03845,0.012447364374930103,1
3835,03846,0.014196215431116599,1
3836,03847,0.014003381237813528,1
3837,03848,0.01397710882085601,1
3838,03849,0.014946603209042841,1
3839,03850,0.01484503637425405,1
3840,03851,0.014907468768428522,1
3841,03852,0.012341825156506836,1
3842,03853,0.0008612573311541638,1
3843,03854,0.014635089787982558,1
3844,03855,0.014471686194053923,1
3845,03856,0.01156100926614645,1
3846,03857,0.011960974551270098,1
3847,03858,0.012692092748179284,1
3848,03859,0.013079835328535516,1
3849,03860,0.011759006436963482,1
3850,03861,0.013765981228568869,1
3851,03862,0.013407007230401113,1
3852,03863,0.014844475413683611,1
3853,03864,0.009001744885853036,1
3854,03865,0.0015751391747889087,1
3855,03866,0.00020270285611356798,1
3856,03867,0.0015242694205772622,1
3857,03868,0.0007025686870383296,1
3858,03869,0.00036972659578182743,1
3859,03870,0.00019681724830977743,1
3860,03871,0.0010906577874676415,0
3861,03872,0.00017131379837387328,0
3862,03873,0.00042024282321140305,0
3863,03874,0.001156795293135282,0
3864,03875,0.0009964457049846942,0
3865,03876,0.0003102294546160067,0
3866,03877,0.0003629788337775608,0
3867,03878,0.00033067426275668055,0
3868,03879,0.0004546542042032087,0
3869,03880,0.001167262583471107,0
3870,03881,0.00028908839853780677,0
3871,03882,0.00029830695054222645,0
3872,03883,0.001239475868975326,0
3873,03884,0.0004494387668927402,0
3874,03885,0.001656478041193843,0
3875,03886,0.0019700598050356177,0
3876,03887,0.0013338546106300697,0
3877,03888,0.001961257183746845,0
3878,03889,0.0002888152405073896,0
3879,03890,0.002271604124499227,0
3880,03891,0.001842359697038276,0
3881,03892,0.014623235135661439,0
3882,03893,0.01746712925689131,0
3883,03894,0.016976625311953875,0
3884,03895,0.0187448050105532,0
3885,03896,0.01846570828365479,0
3886,03897,0.01981275238959146,0
3887,03898,0.017745448815697173,0
3888,03899,0.018455984992128194,0
3889,03900,0.0186584040583071,0
3890,03901,0.020086090300736714,0
3891,03902,0.015366621670406921,0
3892,03903,0.00380778698309836,0
3893,03904,0.001539298439446668,0
3894,03905,0.0007295200674528601,0
3895,03906,0.0014149810584767053,0
3896,03907,0.010229826103570261,0
3897,03908,0.016932769665222835,0
3898,03909,0.019991422530329928,0
3899,03910,0.019045866653443433,0
3900,03911,0.019789123042126988,0
3901,03912,0.0194906574301692,1
3902,03913,0.01616929948401591,1
3903,03914,0.015891038071938368,1
3904,03915,0.013112442960214743,1
3905,03916,0.01205104990969108,1
3906,03917,0.01148933574881994,1
3907,03918,0.013808557467105409,1
3908,03919,0.01715748666835193,1
3909,03920,0.019283727290808628,1
3910,03921,0.020832287055218224,1
3911,03922,0.019868556151137362,1
3912,03923,0.017618499494473028,1
3913,03924,0.015431602352971474,1
3914,03925,0.01480236305402638,1
3915,03926,0.0036861768142406603,1
3916,03927,0.0008620755483379483,1
3917,03928,0.013966073088124809,1
3918,03929,0.016149246300400932,1
3919,03930,0.016692945144797022,1
3920,03931,0.017822808147348823,1
3921,03932,0.02123564688599,1
3922,03933,0.021739782644134564,1
3923,03934,0.02104809992483858,1
3924,03935,0.024146420992975592,1
3925,03936,0.022822005573292614,1
3926,03937,0.022825406981828777,1
3927,03938,0.02361985538816036,1
3928,03939,0.022395364122706596,1
3929,03940,0.021914220656693573,1
3930,03941,0.02182470779879786,1
3931,03942,0.019552637624654423,1
3932,03943,0.015664454658359972,1
3933,03944,0.014234326569042999,1
3934,03945,0.01485731194890505,1
3935,03946,0.01372111145531818,1
3936,03947,0.012633909394918597,1
3937,03948,0.013371890347877446,1
3938,03949,0.015649173710373,1
3939,03950,0.013590836607201062,1
3940,03951,0.014597308298644585,1
3941,03952,0.016762593764826583,1
3942,03953,0.014602840704071696,1
3943,03954,0.014562789872847759,1
3944,03955,0.017065696161632893,1
3945,03956,0.016820645322497718,1
3946,03957,0.017396310841498952,1
3947,03958,0.018122221464976995,1
3948,03959,0.01367660583526309,1
3949,03960,0.01509702235484589,1
3950,03961,0.012024610264886881,1
3951,03962,0.004231587860852315,1
3952,03963,0.015182036991909342,1
3953,03964,0.01043393587170982,1
3954,03965,0.010967992069858212,1
3955,03966,0.010934233937823556,1
3956,03967,0.011306672028708498,1
3957,03968,0.011028981844687813,1
3958,03969,0.015900115873038523,1
3959,03970,0.014571727136677204,1
3960,03971,0.01472243558764319,1
3961,03972,0.0153999900424866,1
3962,03973,0.016636765671011133,1
3963,03974,0.018439763875055526,1
3964,03975,0.016668401104471542,1
3965,03976,0.016801534783085437,1
3966,03977,0.016217186702901287,1
3967,03978,0.01875382844336837,1
3968,03979,0.01687918963008439,1
3969,03980,0.019910531291486677,1
3970,03981,0.017537756828044593,1
3971,03982,0.017269810617658088,1
3972,03983,0.020540358407546755,1
3973,03984,0.019638854291249785,1
3974,03985,0.020736161820396504,1
3975,03986,0.020722441648775458,1
3976,03987,0.021089839324653248,1
3977,03988,0.022695574982355637,1
3978,03989,0.016222886043290252,1
3979,03990,0.013069793842959143,1
3980,03991,0.016400839102727716,1
3981,03992,0.007782472052142886,1
3982,03993,0.016188061142018206,1
3983,03994,0.015134400801521508,1
3984,03995,0.015259630140279867,1
3985,03996,0.016692225062045374,1
3986,03997,0.019317782087316715,1
3987,03998,0.017464765891727296,1
3988,03999,0.022225877615867695,1
3989,04000,0.023848490759100116,1
3990,04001,0.02517809806138338,1
3991,04002,0.02299718262486028,1
3992,04003,0.024240532628938105,1
3993,04004,0.023830537093227022,1
3994,04005,0.02178900616707402,1
3995,04006,0.024149867333390418,1
3996,04007,0.019817187071148545,1
3997,04008,0.016885874389548583,1
3998,04009,0.015233748427018412,1
3999,04010,0.014199937614066016,1
4000,04011,0.016393150709834714,1
4001,04012,0.013781682147320673,1
4002,04013,0.013567557074778414,1
4003,04014,0.007395072644703404,1
4004,04015,0.006972004276035726,1
4005,04016,0.00017210310900761527,1
4006,04017,0.00224672366365386,1
4007,04018,0.003447733945281861,1
4008,04019,0.0009563571501800538,1
4009,04020,0.00038540242966167426,1
4010,04021,0.014689051498296912,1
4011,04022,0.01496462003332688,1
4012,04023,0.015299527784559785,1
4013,04024,0.015640761581085627,1
4014,04025,0.011540442219153846,1
4015,04026,0.0002515246214942479,1
4016,04027,0.00330972398510454,1
4017,04028,0.01262397158431039,1
4018,04029,0.01438359903816977,1
4019,04030,0.011790874381845562,1
4020,04031,0.005577284289816298,1
4021,04032,0.011909913679883921,1
4022,04033,0.015151808146146806,1
4023,04034,0.012938126203251521,1
4024,04035,0.011859903378128145,1
4025,04036,0.013076158344353495,1
4026,04037,0.013864897797434494,1
4027,04038,0.01356635039135945,1
4028,04039,0.011067451531900474,0
4029,04040,0.012130185513813174,0
4030,04041,0.013633795025574713,0
4031,04042,0.014811799780837909,0
4032,04043,0.018167164120394652,0
4033,04044,0.01861319960015173,1
4034,04045,0.017077783408849356,1
4035,04046,0.017156169972576407,1
4036,04047,0.016183460080638312,1
4037,04048,0.018567521468192183,1
4038,04049,0.018665081110748716,1
4039,04050,0.01738814311859649,1
4040,04051,0.02120496561834173,1
4041,04052,0.015225043203090038,1
4042,04053,0.00023564717225355025,1
4043,04054,0.0014596084301121692,1
